	ASGS	nosheep	nobusi	T1	T2	T4	P1	P2	P3
1	101011001	80543.68	41.43	13.87	12.82	5.13	656.69	75.27	37.99
2	101011002	2276499.84	1440.46	13.37	12.77	5.10	757.34	89.25	41.60
3	101011003	362477.16	127.17	14.39	12.98	5.63	680.37	71.09	43.10
4	101011004	1879937.76	986.48	14.12	12.78	5.53	714.26	75.19	44.72
5	101011005	315006.54	222.14	15.10	14.34	5.86	619.88	64.52	39.07
6	101011006	2279051.12	1019.68	15.18	14.22	5.77	627.11	68.38	38.71
7	101021007	96838.38	203.18	12.77	12.41	4.82	855.20	108.32	43.50
8	101021008	184.86	2.34	13.71	13.52	5.45	627.51	75.46	35.50
9	101021009	1400.8	2.34	13.78	13.50	5.48	624.68	75.52	35.76
10	101021011	305084.41	223.11	11.63	12.57	5.10	781.90	92.67	47.61
11	101021012	4479.76	2.26	13.41	13.34	5.42	643.35	75.92	35.92
12	101031013	646368.68	339.51	11.21	12.96	4.84	654.76	82.56	36.21
13	101031014	141893.82	83.92	11.60	14.06	5.11	524.90	66.90	25.65
14	101031015	631297.4	368.26	10.61	12.92	4.98	732.00	84.56	40.82
15	101031016	432754.58	235.25	9.26	12.09	4.96	982.42	107.71	54.33
16	101041019	5077.47	16.05	15.54	11.23	3.96	860.11	115.96	29.60
17	101041020	56856.16	206.06	15.16	9.69	3.61	864.08	105.98	40.39
18	101041022	1599.9	6.76	14.46	11.86	4.27	933.79	132.16	38.26
19	101041024	2111.18	15.96	15.62	10.49	3.78	1043.15	139.41	42.59
20	101041025	45.44	4.54	15.46	10.10	3.65	827.27	104.57	32.80
21	101041026	2167.9	17.82	16.16	9.74	3.47	1037.94	137.75	40.07
22	101041027	1017.04	20.84	15.83	9.49	3.44	1022.75	134.20	39.85
23	102011030	43.66	4.76	17.12	10.41	3.89	1204.34	163.03	54.83
24	102011043	2364.26	2.32	18.00	9.87	3.74	1281.84	164.20	61.76
25	102021047	14.52	2.9	18.10	9.24	3.57	1305.00	167.34	60.97
26	102021049	32.8	2.52	17.43	9.97	3.77	1163.76	162.75	48.61
27	102021051	0	2.34	17.42	9.79	3.71	1270.66	170.73	59.24
28	103011058	55544	55.02	13.61	13.57	5.38	635.59	94.28	36.85
29	103011059	6896.68	13.7	13.60	13.57	5.36	624.64	94.31	34.31
30	103011060	808045.6	603.83	13.33	13.05	5.30	706.05	97.98	42.48
31	103011061	403216.44	302.79	11.81	11.63	5.05	845.93	110.54	49.85
32	103021062	1512508.48	798.85	17.97	13.64	6.16	452.86	62.17	26.52
33	103021063	146245.19	144.38	16.52	14.83	5.83	604.22	72.42	37.90
34	103021064	806049.1	670	16.00	14.61	5.79	635.32	75.83	40.07
35	103021065	1019110.3	589.65	17.30	13.80	6.02	498.82	64.11	31.44
36	103021066	857691.3	516.43	16.46	13.81	5.91	559.58	62.06	32.05
37	103021067	110529.02	97.58	17.38	13.00	5.85	567.59	72.50	38.43
38	103021068	918140.36	624.3	17.45	13.11	5.93	554.49	72.68	36.78
39	103021069	1173424.21	728.76	16.89	13.41	6.08	461.82	52.51	27.53
40	103031071	72762.62	147	13.34	11.91	5.00	793.63	116.60	42.72
41	103031072	83633.07	78.42	15.70	13.54	5.53	686.13	99.69	34.92
42	103031073	159585.51	164.7	14.38	12.02	5.08	726.98	108.30	38.75
43	103031074	1123229.9	746.38	15.58	13.23	5.51	692.10	99.60	40.18
44	103031075	17329.13	18.43	14.65	11.65	4.80	881.05	137.75	38.94
45	103041076	444996.25	445.7	13.65	13.69	5.50	795.70	93.13	43.83
46	103041077	7737.72	18.15	13.28	12.25	5.36	819.83	104.98	48.94
47	103041078	7082.82	22.95	13.61	12.67	5.44	786.65	101.27	48.35
48	103041079	1285683.5	886.01	14.93	13.40	5.68	700.52	90.90	46.32
49	104011080	225.32	6.84	19.46	12.49	4.19	1038.51	142.02	26.65
50	104011081	1091.4	47.26	18.50	13.32	4.43	1119.96	164.24	30.83
51	104011082	37.98	4.41	20.02	10.25	3.61	1416.58	186.70	42.04
52	104021083	69.32	4.46	17.23	12.37	4.31	1481.13	221.96	36.87
53	104021086	149.14	6.84	18.18	11.45	4.10	1577.45	232.90	43.64
54	104021087	2601.92	41.06	14.87	12.15	4.34	1425.16	215.90	36.94
55	104021089	120.4	11.6	18.85	10.75	3.88	1668.39	250.92	42.03
56	104021090	61.88	4.58	19.11	10.96	3.89	1629.82	242.23	40.90
57	104021091	21.96	2.44	18.77	11.00	3.97	1425.62	197.35	40.03
58	105011092	1364297.67	381.48	20.87	14.14	6.36	363.44	52.99	13.45
59	105011093	489333.18	244.84	19.07	13.46	6.16	394.82	56.75	20.13
60	105011094	704765.47	334.62	19.51	14.34	6.11	527.23	90.46	24.03
61	105011095	1431545.54	456.48	19.60	13.66	6.15	461.37	66.40	19.37
62	105011096	1212578.18	351.19	20.41	14.06	6.18	498.07	83.84	20.18
63	105021097	222818.7	45.45	18.45	12.45	5.68	293.63	31.87	16.93
64	105021098	2781032.06	432.14	19.59	13.65	6.04	288.00	37.51	15.23
65	105031099	729378.64	462.28	17.39	14.15	5.74	686.39	119.46	37.15
66	105031100	23780.48	44.37	17.53	14.07	6.03	552.37	82.43	31.86
67	105031101	33695.41	37.43	17.62	14.08	6.04	545.92	82.76	31.64
68	105031102	44166.46	67.54	17.71	14.08	6.05	539.74	84.07	30.96
69	105031103	518213.2	378.54	17.20	13.82	5.92	590.20	87.16	34.74
70	105031104	643617.24	456.8	17.44	14.65	6.03	654.64	111.13	32.85
71	105031105	667652.85	476.06	18.18	13.86	6.08	521.86	80.96	30.10
72	105031106	1183609.88	542.88	16.36	13.68	5.77	629.88	86.07	40.76
73	106011107	243.22	14.46	18.24	12.69	4.57	756.39	108.60	31.09
74	106011109	152.34	6.8	17.36	11.51	4.27	918.99	130.77	36.58
75	106011110	1355.43	37.24	16.94	11.12	4.26	1140.94	167.83	39.93
76	106011111	21.2	2.64	18.41	12.30	4.43	864.42	117.03	33.76
77	106011112	207.78	9.48	18.53	13.03	4.67	708.02	105.37	29.87
78	106011113	1006.15	42.93	17.39	12.48	4.61	780.37	117.76	31.07
79	106021114	46.06	2.3	18.54	12.17	4.38	924.63	124.64	35.16
80	106021116	265.79	14.31	18.31	12.14	4.37	933.55	128.96	34.00
81	106021117	1013.36	11.76	18.39	12.48	4.48	845.08	115.56	32.52
82	106021118	44.98	2.24	18.47	11.30	4.17	1043.21	139.50	41.62
83	106031122	13.82	2.3	18.37	10.96	4.07	1116.27	147.83	48.09
84	106031123	251.08	7.64	18.09	11.62	4.25	1062.22	145.93	39.83
85	106031124	2349.44	2.28	17.96	11.01	3.90	1298.06	165.12	61.60
86	106031125	88.82	4.76	18.04	11.01	4.06	1190.47	156.01	54.84
87	106041126	391.84	4.62	17.63	13.47	4.93	664.78	105.28	28.63
88	106041127	5521.54	44.48	16.82	13.19	4.98	716.41	114.44	31.79
89	106041128	31589.06	46.65	17.30	13.80	5.05	680.81	110.85	31.38
90	106041129	349226.82	352.36	15.75	12.82	4.98	777.09	126.22	35.28
91	107011130	7452.48	2.3	18.07	8.28	3.15	1266.84	182.07	52.00
92	107011131	96.24	4.66	17.64	9.59	3.49	1252.17	179.53	48.64
93	107021135	117.98	2.36	15.63	11.09	4.15	1253.23	176.82	50.53
94	107031136	233.96	2.34	16.80	9.66	3.59	1413.95	203.20	56.61
95	107031140	123.2	6.84	16.27	9.35	3.54	1538.33	218.81	70.78
96	107041144	3852.52	2.26	17.11	9.02	3.47	1370.63	198.91	57.82
97	107041147	3254.8	2.3	16.67	9.67	3.80	1327.18	187.44	61.11
98	108011151	235.38	9.78	17.12	11.09	4.02	1227.51	172.02	50.86
99	108011153	148.73	7.31	17.74	11.36	3.90	1295.27	173.98	56.87
100	108021155	61.04	6.8	18.82	10.99	3.82	1261.37	165.28	32.08
101	108021156	924.16	54.22	17.73	12.21	4.19	1223.46	173.77	29.16
102	108021157	56.76	2.46	19.31	10.70	3.76	1434.60	197.06	40.75
103	108021159	436.72	13.68	18.26	12.13	4.16	1390.26	200.06	36.54
104	108041162	0	2.26	17.62	10.30	3.77	1442.78	204.74	42.06
105	108041165	4521.43	48.08	16.21	11.26	4.04	1442.57	208.40	35.04
106	108041166	80.66	9	18.13	10.41	3.78	1359.63	190.36	37.32
107	108051167	310.17	20.86	15.41	11.27	4.37	1106.21	168.04	38.46
108	108051168	56.13	9.36	18.16	10.80	3.77	1310.12	185.43	41.48
109	108051169	10.5	2.62	18.30	11.36	3.92	1254.33	182.93	38.39
110	108051170	1362.76	48.3	17.30	11.57	4.06	1236.75	183.17	36.40
111	109011172	6918.32	9.12	15.59	12.81	5.63	750.36	86.59	43.23
112	109011174	2249.52	7.5	15.48	13.43	5.74	712.10	79.88	40.94
113	109011175	1283447.8	848.03	14.75	12.67	5.68	731.80	80.66	43.04
114	109011176	2.36	2.36	15.31	13.00	5.71	736.89	84.15	43.09
115	109021177	977083.83	214.78	17.64	13.76	5.76	351.56	36.27	19.34
116	109021178	127529.12	53.61	17.93	13.76	5.35	280.74	29.98	13.60
117	109021179	1304995.56	322.5	18.22	14.06	5.65	304.96	32.67	17.49
118	109031180	144899.56	97.82	15.81	14.25	5.78	554.61	57.48	28.10
119	109031181	649432.98	438	16.44	14.00	5.93	489.51	50.10	27.52
120	109031182	160338.88	179.54	16.44	13.59	5.59	389.97	36.35	19.87
121	109031183	1608994.78	833.56	16.54	13.66	5.56	383.24	37.45	19.53
122	109031184	45950.01	41.92	15.69	13.59	5.43	400.81	40.20	19.34
123	109031185	593802.94	447.28	16.75	13.93	5.85	415.55	39.91	22.24
124	110011186	366431.33	148.36	13.71	12.38	4.84	786.34	132.22	37.25
125	110011187	921810.82	560.62	13.61	12.31	4.80	866.63	140.31	35.09
126	110011188	853496.19	387.05	13.97	13.28	5.08	806.08	131.72	35.18
127	110011189	955134.18	432.14	13.49	12.26	4.69	1011.81	164.27	40.47
128	110021190	548446.26	473.19	14.91	13.03	4.73	939.29	142.82	37.24
129	110021191	40643.88	50.72	16.67	14.81	5.42	810.20	123.58	38.90
130	110021192	724086.35	562.38	17.43	15.07	5.58	743.72	115.82	31.62
131	110021193	421182.44	422.59	17.63	15.43	5.83	759.11	120.52	34.94
132	110021194	193059.09	213.1	16.10	12.46	4.56	983.69	141.05	35.35
133	110031195	32188.58	23.02	20.07	14.19	5.96	599.15	92.49	25.60
134	110031196	397606.96	186.14	20.01	14.40	5.93	613.16	94.35	25.51
135	110031197	8357.67	36.88	19.58	14.43	5.84	658.81	114.34	27.86
136	110031198	206122.48	233.84	19.35	14.44	5.91	649.41	112.79	29.80
137	110041199	6230.47	16.69	18.42	13.53	5.53	623.08	111.90	27.18
138	110041200	145926.66	256.52	18.24	14.01	5.61	631.13	111.75	27.83
139	110041201	236461.4	224.92	16.85	13.90	5.48	703.93	124.97	34.97
140	110041202	9871.08	16.14	16.91	14.08	5.45	708.65	119.20	34.09
141	110041203	9959.46	25.77	16.68	14.10	5.45	719.95	119.21	34.08
142	110041204	1081.61	6.76	17.22	13.93	5.49	684.97	117.00	34.24
143	110041205	647057.88	783.98	16.17	14.28	5.54	745.75	122.92	35.57
144	111021218	11.52	2.3	18.18	10.09	3.82	1125.02	155.15	44.58
145	111031223	218.33	6.92	18.52	10.91	4.08	1064.66	141.47	42.65
146	112011237	1536.84	13.4	19.92	9.40	3.49	1817.40	255.59	41.66
147	112011238	318.11	11.3	19.78	9.29	3.45	1892.46	251.48	45.44
148	112011239	28.37	4.35	20.32	9.35	3.42	1895.23	253.26	46.05
149	112011241	0	2.32	20.72	10.59	3.72	1493.71	203.09	38.52
150	112011243	341.06	18	19.77	10.06	3.58	1871.68	269.33	44.20
151	112021244	112.96	6.92	20.09	13.00	4.19	1148.04	168.09	25.53
152	112021245	13549.7	41.44	19.35	12.88	4.25	1135.04	168.33	26.76
153	112021247	342.72	29.44	18.29	11.70	4.06	1323.18	201.07	32.87
154	112021248	22.28	2.22	19.97	11.36	3.92	1481.87	195.03	33.93
155	112021249	5134.01	42.88	19.70	11.20	3.87	1519.20	209.50	35.82
156	112031252	427.4	17.93	19.56	11.08	3.80	1716.11	266.04	37.98
157	112031253	43.46	6.46	20.09	10.04	3.56	1891.51	275.85	43.30
158	112031254	756.96	2.36	19.74	10.13	3.59	1911.08	302.53	41.95
159	112031255	24.8	2.26	20.08	9.93	3.55	1887.56	288.80	42.70
160	113011256	20670.4	13.96	17.04	13.31	5.84	436.51	46.32	28.79
161	113011257	1191446.46	680.37	17.40	13.31	5.95	426.96	46.24	26.54
162	113011258	35272.19	54.9	17.10	13.02	5.90	440.58	42.88	28.99
163	113011259	687018.33	450.37	16.90	13.05	5.98	448.87	43.56	27.05
164	113021260	261266.37	230.43	11.23	12.14	5.27	1125.50	134.50	61.45
165	113021261	9303.48	16.14	15.02	14.38	5.79	838.19	92.89	42.19
166	113021262	243979.06	279.21	11.37	12.52	5.38	1134.20	125.34	63.06
167	113031263	668434.41	277.04	15.74	13.95	6.05	604.46	64.00	35.29
168	113031264	578344.93	302.4	15.40	13.82	5.92	707.80	73.42	42.59
169	113031265	629260.54	339.03	16.05	13.76	6.10	572.34	56.76	33.98
170	113031266	743003.46	516.88	16.39	13.49	6.09	506.88	54.45	29.58
171	113031267	3348.53	12	16.20	12.91	6.00	575.30	57.29	33.48
172	113031268	8160.72	11.92	16.35	12.97	6.05	559.78	53.76	32.46
173	113031269	16512.06	21.89	16.12	12.61	5.97	584.47	59.21	33.42
174	113031270	101275.44	87.68	16.21	12.52	5.98	573.52	57.63	32.70
175	113031271	1720500.44	1395.33	15.99	12.92	5.92	577.64	58.66	34.96
176	114011272	3899.73	20.3	16.41	10.29	3.77	1391.07	194.38	66.43
177	114011274	47.56	2.38	17.64	9.14	3.32	1195.08	147.06	55.90
178	114011275	83.52	4.58	15.70	11.12	4.14	1069.68	137.18	50.68
179	114011277	216.96	4.58	17.04	10.46	3.72	1190.11	158.35	57.02
180	114011278	212.28	7.04	17.47	9.94	3.52	1124.85	142.51	52.22
181	114011281	429.77	11.46	17.00	9.95	3.63	1172.53	146.13	58.54
182	114011282	183.24	4.56	16.95	9.30	3.47	1271.49	161.06	54.68
183	114011283	608.61	20.31	16.57	9.86	3.64	1197.35	150.62	48.55
184	114021284	111	7.01	13.67	11.78	4.58	995.66	131.68	47.26
185	114021285	2835.93	6.98	14.60	11.93	4.52	964.04	127.53	40.61
186	114021286	103.5	2.36	14.07	11.62	4.48	1036.44	139.44	45.93
187	114021287	807.4	8.93	13.74	11.95	4.63	979.93	129.97	45.76
188	114021288	230.24	20.86	14.14	10.98	4.27	1375.55	201.22	59.79
189	114021289	6427.32	53.47	14.21	12.44	4.77	862.92	112.16	39.46
190	115021298	152.95	7.2	17.50	11.11	4.11	1128.18	154.57	47.32
191	115031299	1767.08	9.28	16.84	12.03	4.52	945.53	143.09	38.83
192	115031300	79.5	14.9	17.87	12.81	4.63	891.11	135.38	37.68
193	115041301	13.78	2.3	17.99	12.48	4.49	900.94	134.28	39.25
194	115041302	5.7	2.86	17.98	12.14	4.37	930.07	137.23	40.80
195	116021312	198.04	12.18	18.00	12.50	4.47	877.28	132.42	36.77
196	117031336	36.18	2.42	18.24	9.31	3.71	1210.16	151.81	62.55
197	118011346	2614.86	4.88	18.36	9.09	3.60	1291.69	164.13	68.29
198	119021365	5560.4	2.28	18.06	10.24	3.96	1057.17	135.38	50.38
199	120031396	7257.86	2.4	18.01	10.63	4.02	1070.79	142.34	50.94
200	122021420	4300	2	18.27	9.66	3.70	1300.12	165.90	64.82
201	122021421	9061.29	4.66	18.12	10.08	3.82	1257.88	163.67	60.56
202	123011433	9.4	2.36	17.36	13.11	4.62	762.23	104.02	31.67
203	123011434	239.62	6.54	17.39	12.85	4.56	778.38	106.78	31.97
204	123021436	556.82	2.22	17.05	11.52	4.24	939.64	126.90	44.21
205	123021438	196.5	4.3	17.40	12.18	4.41	834.03	115.92	34.60
206	123031445	205.73	12.67	15.92	12.47	4.52	945.91	129.01	37.89
207	123031446	2382.78	9.54	16.77	12.08	4.36	946.13	128.21	42.22
208	123031447	402.14	21.28	15.69	12.85	4.69	873.80	118.55	35.10
209	123031448	2039.29	27.98	15.88	12.96	4.75	881.29	123.02	34.29
210	124011449	3514.12	11.71	14.01	11.65	4.88	942.70	137.67	39.16
211	124011451	692.42	2.28	14.58	11.35	4.66	1121.94	173.14	43.31
212	124021456	1013.38	2.3	15.68	13.01	4.90	843.92	121.36	33.05
213	124031458	8.96	2.24	17.74	12.93	4.59	877.90	136.34	34.76
214	124031463	92.24	4.64	17.69	12.81	4.51	814.62	123.30	30.55
215	124031465	97.36	4.96	17.23	13.25	4.69	811.01	120.09	29.36
216	124041466	37.08	2.86	17.97	13.11	4.70	862.42	134.33	35.65
217	124041467	17.12	2.86	18.02	12.82	4.59	860.72	132.14	35.63
218	124041468	235.22	2.36	17.97	12.96	4.62	853.91	132.61	34.74
219	125041492	1859.08	2.26	17.98	11.35	4.18	994.40	139.51	45.58
220	127011505	122.4	9.24	17.60	12.75	4.51	797.07	116.87	30.24
221	127011506	326.7	9.18	17.44	12.66	4.51	797.35	112.85	31.11
222	127021518	57.03	7.22	17.73	12.16	4.35	849.20	124.45	33.48
223	201011001	5638.55	20.96	12.82	11.22	4.41	651.46	65.65	35.22
224	201011002	4540.44	2.28	12.77	11.01	4.38	668.21	67.09	36.55
225	201011003	7385.16	11.34	12.47	10.67	4.37	722.19	74.13	38.62
226	201011005	7965.34	11.45	12.56	10.51	4.21	705.24	71.65	40.35
227	201011006	6548.04	6.7	12.78	11.05	4.36	659.94	66.14	36.65
228	201011007	12915.7	16.22	12.80	11.02	4.32	659.81	65.73	37.62
229	201011008	8635.3	20.88	12.88	11.44	4.51	645.37	65.68	33.64
230	201021009	182887.32	128.96	13.00	11.42	4.25	673.95	74.11	38.93
231	201021010	430709.2	367.09	13.02	11.95	4.69	656.77	71.05	32.25
232	201021011	120292.12	178.61	12.23	11.50	4.65	810.67	95.56	36.52
233	201021012	225333.16	253.34	12.17	10.43	4.24	780.68	84.55	42.36
234	201031013	656181.6	419.46	14.15	12.41	4.81	546.23	61.41	25.36
235	201031014	739108.69	368.44	13.01	11.34	4.40	640.20	65.44	34.34
236	201031015	363989.85	148.48	13.30	11.10	4.15	631.09	64.49	37.15
237	201031016	1790.2	7.37	14.61	12.88	4.96	509.03	54.06	23.45
238	201031017	411659.32	279.26	14.35	13.01	4.92	530.45	56.55	24.73
239	202011020	2386.28	6.84	14.92	12.57	5.12	527.52	56.20	24.08
240	202011021	8611.76	2.26	14.50	12.50	5.11	574.59	62.40	25.58
241	202011023	3011.38	4.44	15.03	12.76	5.12	503.02	52.99	23.63
242	202011025	520.94	6.94	15.23	12.73	5.16	486.61	50.76	22.90
243	202021026	154328.38	93.58	14.67	12.86	5.07	539.16	57.41	24.49
244	202021027	19835.62	15.88	13.75	13.14	4.98	633.92	70.99	28.19
245	202021028	426834.58	289.93	13.68	12.72	4.96	636.44	71.18	28.46
246	202021029	186534.32	118.92	14.34	12.68	5.03	582.19	63.83	26.88
247	202021030	165436.52	160.06	12.50	12.06	4.77	767.18	94.43	35.53
248	202021031	16217.38	49.45	11.70	10.96	4.50	869.92	96.88	44.57
249	202031032	341108.58	303.04	15.34	12.85	5.18	470.13	48.52	22.64
250	202031033	1345264.38	864.32	15.89	13.20	5.23	416.26	42.15	22.28
251	203011034	57421.48	77.14	14.56	10.54	3.77	527.94	58.00	30.89
252	203011035	734044.12	393.12	13.64	10.95	3.98	595.87	64.44	35.39
253	203011036	310978.94	326.94	14.04	9.58	3.54	681.41	71.55	36.93
254	203021038	3772.17	11.54	14.81	10.39	3.78	510.55	54.90	31.71
255	203021040	5955.92	4.84	14.70	10.20	3.73	528.05	56.64	32.23
256	203021041	19031.71	11.19	14.74	9.43	3.55	560.64	56.80	35.39
257	203021042	7086.51	9.09	14.63	9.67	3.60	559.76	58.23	34.45
258	203021043	103456.82	93.41	14.58	11.10	3.94	511.47	57.66	31.51
259	203021044	2221.32	6.9	14.84	9.12	3.54	551.67	52.40	36.59
260	203021047	4485.38	4.68	14.86	10.21	3.73	512.13	54.48	31.86
261	203031048	1686.16	18.76	14.69	8.72	3.52	581.41	54.54	35.80
262	203031049	19529.38	14.24	12.76	8.38	3.42	974.49	103.21	50.43
263	203031050	15062.2	34.14	14.79	8.65	3.45	579.57	55.01	36.96
264	203031051	15500.44	22.8	14.68	8.66	3.55	596.26	55.13	35.39
265	203031052	11642	11.59	14.71	8.23	3.42	603.26	56.98	35.36
266	203031053	12500.01	36.66	14.63	8.94	3.42	610.18	60.30	38.12
267	204011054	42802.62	100.28	13.11	11.75	4.76	980.95	121.99	42.50
268	204011055	662179.72	526.66	14.53	12.77	5.22	682.90	78.07	34.28
269	204011056	82883.36	86.36	13.65	11.80	4.71	684.20	73.34	36.83
270	204011057	324642.14	233.31	12.35	11.89	4.86	1034.54	127.82	49.42
271	204011058	280021.94	189.1	14.41	12.67	5.11	641.67	70.45	31.48
272	204011059	13939.37	15.58	14.22	12.62	5.03	652.48	73.20	32.52
273	204011060	259892.7	174.42	13.66	12.29	4.88	661.07	78.46	31.92
274	204011062	126862.94	128.68	13.32	11.44	4.68	888.97	102.31	41.77
275	204021063	73145.41	98.06	15.02	13.66	5.38	722.85	82.07	37.23
276	204021064	345659.96	365.06	13.85	12.91	5.30	847.83	101.57	41.87
277	204021065	89714.56	116.22	15.71	14.33	5.77	566.22	58.55	28.83
278	204021066	6922.51	18.03	15.30	14.18	5.60	646.58	67.09	32.03
279	204021067	259840.81	400.8	13.24	13.06	5.26	1050.18	129.24	51.85
280	204031068	11098.72	38.18	12.38	11.44	5.43	1160.18	141.50	52.90
281	204031069	3015.56	33.83	11.81	11.74	5.06	1350.39	174.48	61.16
282	204031070	43576.68	76.86	15.01	13.93	5.73	700.02	75.66	37.95
283	204031071	2020.86	18.07	13.79	13.67	5.34	1091.32	137.09	50.96
284	204031072	128170.88	200.86	12.21	12.06	5.18	1199.36	156.35	56.37
285	204031073	16164.46	13.32	15.06	13.39	5.71	753.25	83.99	41.76
286	204031074	19536.3	18.13	15.19	12.97	5.63	813.70	93.55	44.01
287	204031075	10190.78	58.5	14.51	12.92	5.47	975.30	116.56	49.85
288	205011076	3294.25	30.18	13.94	10.83	3.87	951.49	95.53	53.08
289	205011077	10296.1	45.79	13.06	10.47	4.02	1062.02	111.61	57.78
290	205011078	50361.82	102.04	13.06	9.77	3.82	997.91	99.55	52.00
291	205011079	8458.96	59.84	13.80	10.40	3.81	952.50	95.67	50.71
292	205021081	26887.52	36.17	14.97	11.16	3.71	658.65	74.23	40.76
293	205021082	352124.54	338.62	12.70	11.90	4.40	806.54	84.56	50.04
294	205021084	2437.39	20.45	15.05	10.12	3.45	694.86	73.86	41.97
295	205021085	58439.34	153.72	12.58	10.87	4.13	938.92	101.57	59.50
296	205021086	98537.1	52.12	14.98	10.74	3.60	629.49	68.74	39.64
297	205031087	99199.6	176.5	14.00	9.08	3.47	965.60	102.25	40.56
298	205031088	2686.75	7.12	14.61	9.47	3.67	810.99	79.62	43.64
299	205031089	5631.58	66.28	13.69	9.67	3.65	1010.90	102.04	49.35
300	205031090	52026.81	137.22	13.84	9.86	3.69	958.95	99.70	45.10
301	205031091	9630.91	20.73	14.83	8.24	3.40	799.88	80.87	38.74
302	205031093	11014.51	64.11	14.36	9.45	3.52	892.43	91.11	43.09
303	205041094	3908	55.19	12.91	9.79	3.88	970.44	99.66	48.14
304	205041095	389.84	6.89	14.00	10.38	3.91	824.37	84.06	44.65
305	205041097	28676.32	17.82	14.39	10.95	3.97	670.42	66.19	36.85
306	205041098	6111.14	13.56	13.88	10.42	3.95	807.71	78.85	44.06
307	205051099	1032.4	11.4	10.37	10.42	4.66	1109.81	121.39	57.68
308	205051100	150169.88	110.06	14.67	10.75	3.74	599.08	62.72	36.94
309	205051101	121852.76	120.35	14.32	11.51	4.04	664.26	70.27	39.99
310	205051102	35476.94	72.48	14.09	10.64	3.92	672.69	66.47	37.84
311	205051103	821.12	6.79	14.77	11.29	3.96	564.86	59.94	34.97
312	205051104	213904.42	145.98	14.02	9.64	3.65	746.41	72.68	40.77
313	206041119	427.18	2.22	15.42	10.08	3.91	622.10	64.25	40.56
314	206061136	0	2.28	15.36	9.85	3.86	634.38	65.06	41.34
315	207011150	288.04	2.38	15.13	9.96	3.90	697.54	70.46	44.71
316	207011151	306.74	2.26	15.32	10.09	3.92	650.43	66.59	42.07
317	208031186	273.72	2.66	15.15	9.71	3.83	688.78	64.04	44.62
318	209031211	1060.46	23.52	12.47	9.61	4.30	1130.12	122.28	56.72
319	209031212	808.86	12.02	13.73	10.57	4.25	879.44	89.68	50.35
320	209031213	23.84	2.38	14.53	10.76	4.18	714.33	72.30	46.17
321	209031214	249.96	4.89	14.62	10.69	4.10	774.62	75.91	47.33
322	209041218	971.34	9.26	14.37	10.76	4.21	662.21	68.13	44.06
323	209041224	2393.06	15.7	12.86	10.59	4.52	853.41	90.80	46.64
324	209041225	4846.21	18.49	13.62	10.72	4.35	767.90	76.69	47.42
325	210011227	1672.3	2.34	15.04	10.41	4.02	587.24	62.47	38.72
326	210021232	827.89	7.25	12.76	11.42	4.37	699.26	72.01	41.08
327	210021234	199.78	11.6	12.58	11.13	4.43	725.17	72.36	41.43
328	210021235	99674.28	158.5	12.58	11.19	4.55	738.19	77.41	39.24
329	210041240	7036.45	18.79	13.84	11.43	4.35	578.00	60.37	36.40
330	210041241	4146.58	11.87	13.65	11.31	4.29	599.70	63.73	37.81
331	210051244	10342.52	4.78	14.09	10.97	4.28	600.26	62.43	39.14
332	210051245	54.76	2.2	14.71	10.75	4.13	588.96	63.04	38.57
333	210051246	2065.21	7.32	14.38	11.01	4.21	571.48	61.38	37.13
334	211011255	253.64	2.22	14.62	10.16	3.92	841.32	78.20	52.97
335	211051274	24.32	2.44	14.22	10.07	3.92	914.86	85.59	55.81
336	211051276	1162.18	26.36	13.74	10.86	4.14	1047.17	114.88	55.91
337	211051278	5964.82	7.16	14.36	10.96	4.07	897.10	91.29	51.59
338	211051279	53.84	5.02	13.72	10.30	3.97	1049.62	104.17	60.07
339	211051282	373.42	2.62	13.44	9.70	3.96	1078.60	106.87	61.81
340	211051285	2496.2	14.96	14.02	10.75	4.02	988.64	100.88	55.90
341	211051286	984.58	16.31	12.40	9.91	4.11	1297.00	142.03	63.74
342	212011288	4741.26	44.66	14.19	10.96	3.90	913.95	90.49	53.44
343	212011289	675.7	19	13.59	10.34	3.95	1058.55	103.44	60.94
344	212011290	2563.36	51.44	14.49	10.56	3.83	828.42	79.26	47.84
345	212011292	18.36	2.3	14.43	10.76	3.95	829.03	79.27	50.54
346	212021293	46.5	2.32	14.31	10.11	3.92	873.87	81.17	53.64
347	212021299	22.26	2.48	14.54	10.19	3.92	837.56	77.79	52.45
348	212031300	11.48	2.3	14.72	9.95	3.88	766.28	71.34	47.74
349	212031302	2.32	2.32	14.71	10.18	3.91	772.73	72.34	48.60
350	212031303	225.54	17.44	14.63	10.22	3.91	771.44	72.40	46.95
351	212031308	361.86	9.42	14.73	10.14	3.86	757.80	71.34	44.86
352	212051324	2.26	2.26	14.88	9.79	3.88	748.82	73.80	47.78
353	213021343	31.36	2.24	15.15	10.33	3.96	552.10	58.10	36.82
354	213041353	231.38	2.22	14.01	12.45	4.34	537.10	58.75	33.56
355	213041355	2690.68	7.7	14.55	11.38	4.20	520.88	57.58	33.48
356	213041356	3830.6	11.76	13.96	11.84	4.30	545.01	59.87	34.19
357	213041357	2038.32	4.87	14.51	12.00	4.24	491.82	54.57	31.33
358	213041358	1227.68	5.04	14.30	12.21	4.31	497.33	55.97	31.29
359	213041359	4133	7.25	14.62	11.44	4.18	508.40	55.80	32.91
360	213051366	94.36	2.7	14.91	10.82	4.07	523.24	55.45	34.95
361	213051367	20742.54	11.64	14.80	10.97	4.01	497.43	51.64	33.68
362	213051369	5988.7	6.88	14.64	11.41	4.11	500.26	53.23	33.18
363	214011370	2840.8	2.26	14.99	9.62	3.83	722.34	67.46	45.46
364	214011374	47.88	5.34	14.83	9.41	3.81	756.40	72.21	45.85
365	214011376	149.42	2.3	14.83	9.71	3.85	749.02	69.81	46.75
366	214021377	3184.75	4.68	14.47	7.66	3.43	849.17	84.73	42.49
367	214021378	4479.94	42.44	14.58	7.43	3.31	815.91	82.04	40.25
368	214021379	380.42	13.74	14.95	8.57	3.56	777.29	77.28	40.68
369	214021381	284.36	2.66	14.98	8.81	3.71	747.83	73.82	43.29
370	214021382	13.48	2.7	15.02	8.27	3.54	751.61	74.46	40.43
371	214021385	1337.26	35.06	14.89	9.04	3.74	761.51	74.69	44.08
372	215011386	111324.8	57.59	13.67	11.76	4.39	573.60	62.03	28.71
373	215011387	1613335.3	691.55	13.65	11.52	4.19	567.25	61.19	28.52
374	215011388	39487.64	66.63	14.95	13.30	4.75	435.54	49.45	20.48
375	215011389	861446.92	620.15	14.81	13.25	4.72	452.71	53.07	19.65
376	215011390	909214.26	731.56	15.68	14.18	4.80	367.94	42.82	16.23
377	215011391	662945.18	382.48	15.07	12.93	4.97	468.73	56.86	21.03
378	215011392	614674.24	333.33	14.57	12.32	4.64	519.09	59.69	23.64
379	215011393	1931021.93	689.6	14.44	13.09	4.36	503.17	61.25	18.47
380	215011394	413674.52	585.8	16.07	13.84	5.07	366.65	44.33	16.95
381	215021395	132.66	4.89	17.65	13.82	5.35	297.85	30.83	14.41
382	215021396	43.18	2.4	17.76	13.83	5.35	284.18	30.79	13.20
383	215021397	86.94	2.28	17.65	13.86	5.35	292.71	30.71	13.79
384	215021398	448640.03	417.13	16.88	14.25	5.12	317.75	34.71	15.08
385	215021399	4763.12	12.18	17.57	13.99	5.36	299.83	31.19	14.21
386	215031400	537245.19	647.88	16.02	13.71	5.19	374.73	42.26	18.62
387	215031401	170266.22	248.96	16.51	13.52	5.33	374.95	38.97	19.96
388	215031402	17159.69	41.7	16.57	13.37	5.30	378.96	38.96	20.67
389	215031403	1996.4	4.68	17.34	14.30	5.50	321.36	32.44	17.09
390	215031404	5997.4	17.08	16.91	13.41	5.25	356.72	38.70	18.05
391	215031405	169104.74	245.26	16.93	13.86	5.33	343.75	36.17	17.77
392	216011406	27577.02	44.29	15.70	13.41	5.36	411.28	41.29	19.66
393	216011407	47358.2	70.86	15.48	13.36	5.33	430.36	42.00	20.93
394	216011408	115463.15	180.76	15.90	13.39	5.38	403.15	40.10	20.26
395	216011409	40723.84	41.86	15.57	13.07	5.30	431.25	42.49	20.50
396	216011410	213995.81	223.33	15.08	12.91	5.18	505.49	50.03	24.38
397	216021411	3380.1	7.14	16.22	14.01	5.67	465.54	45.93	22.15
398	216021412	191558.16	230.58	15.76	13.99	5.64	526.67	53.22	26.40
399	216021413	195106.88	244.82	15.86	13.80	5.54	432.04	41.33	21.27
400	216021414	14530.64	18.64	15.99	14.14	5.73	503.67	49.81	24.80
401	216031415	227.58	2.24	15.43	13.18	5.26	482.76	47.99	25.05
402	216031416	17133.9	6.94	15.53	13.24	5.30	479.77	47.26	24.71
403	216031417	13971.02	32.76	15.46	13.13	5.26	511.10	50.81	26.96
404	216031418	218682.72	232.7	15.55	13.34	5.34	509.96	51.13	26.56
405	216031419	44345.63	84.35	15.28	13.18	5.25	484.56	48.36	24.77
406	217011420	1139440.97	802.32	14.12	10.83	3.56	679.68	84.89	20.82
407	217011421	215795.49	149.4	13.76	11.22	3.79	644.99	72.85	23.94
408	217011422	6491.94	18.2	14.25	8.20	2.79	751.77	97.50	23.46
409	217011423	4430370.5	1321.47	13.63	11.75	4.06	636.23	75.63	22.24
410	217021424	18934.94	10.7	13.89	10.64	3.80	699.72	73.66	33.23
411	217021425	58.62	2.26	13.72	10.54	3.71	763.35	82.18	36.57
412	217021426	260723.87	228.58	13.86	10.57	3.70	727.86	77.52	35.58
413	217021427	868488.4	395.66	14.05	11.28	4.00	587.59	59.61	33.09
414	217021428	71479.68	66.5	14.10	9.13	3.29	879.66	102.64	37.57
415	217021429	1350416.7	469.73	13.90	10.73	3.74	658.18	70.52	29.59
416	217021430	746995.8	435.69	14.22	9.84	3.27	710.47	81.80	25.43
417	217021431	13748.94	51.58	13.58	7.82	3.10	1093.42	126.44	51.41
418	217021432	96045.6	11.34	14.38	9.55	3.21	760.92	88.72	27.63
419	217021433	1346.41	6.83	14.43	9.53	3.25	775.36	89.90	28.91
420	301011002	95.74	2.4	20.69	9.90	3.72	1223.62	177.54	35.15
421	301011006	2.44	2.44	20.74	9.56	3.67	1299.17	185.34	37.41
422	301021009	212.04	6.76	20.77	9.53	3.63	1327.51	182.01	40.07
423	301021012	2.44	2.44	20.52	9.61	3.67	1311.18	184.58	38.83
424	303031061	430	2	20.48	10.37	3.76	1140.70	169.66	30.77
425	306031160	0	2.32	23.70	9.21	2.89	3526.24	651.36	83.69
426	306031161	51.58	4.94	23.98	9.93	3.01	2684.90	531.10	54.52
427	306051166	732.84	4.84	21.22	10.44	2.92	1353.06	294.92	20.51
428	306051167	23.64	4.74	21.56	11.37	3.34	1025.12	221.70	15.82
429	306051170	51.56	4.72	22.22	10.58	2.97	1357.02	317.60	20.99
430	307011171	942967.66	246.38	21.13	14.23	6.02	501.12	82.40	19.00
431	307011172	9236.4	52.8	19.98	14.08	5.10	661.37	91.85	24.74
432	307011173	18658.52	44.47	20.05	14.25	5.68	626.25	95.21	27.72
433	307011174	426021.99	285.48	19.90	14.55	5.76	604.70	92.37	25.27
434	307011175	4410.54	42.32	20.39	14.41	5.44	634.43	91.39	24.03
435	307011176	9232.68	9.49	20.85	15.05	5.82	564.35	90.88	17.37
436	307011177	391575.92	269.54	20.32	15.24	5.85	572.64	91.04	19.98
437	307011178	150648.8	195.96	20.03	14.34	5.57	605.63	87.25	23.82
438	307021179	18935.24	77	18.38	12.78	4.59	848.45	126.02	27.09
439	307021180	4773.99	65.35	19.01	14.05	5.12	658.00	92.05	22.94
440	307021181	46565.84	46.76	19.11	14.40	5.42	630.61	87.89	25.87
441	307021182	12202.68	56.3	18.62	13.85	5.02	675.87	92.33	25.52
442	307021183	18496.06	93.98	19.15	13.74	5.10	673.36	97.56	25.14
443	307031184	9489.74	100.49	18.17	13.74	4.92	705.36	94.44	25.35
444	307031185	7664.38	56.9	17.12	12.91	4.66	824.92	112.26	26.69
445	307031186	50683.84	125.52	17.40	13.39	4.90	714.23	95.31	28.58
446	307031187	11558.98	13.96	15.40	12.19	4.79	805.14	105.19	36.55
447	307031188	126966.21	99.38	16.23	13.05	4.97	766.54	103.07	33.57
448	307031189	7513.53	41.52	17.59	13.48	4.85	701.13	93.70	26.19
449	308011190	59.56	11.96	22.13	14.25	4.80	673.72	107.90	22.57
450	308011191	3832.22	19.06	21.63	15.03	5.19	624.23	105.80	18.88
451	308021193	106.36	7.07	21.92	9.07	3.50	1063.00	185.78	31.16
452	308021194	656.48	19.54	21.20	14.25	4.87	675.79	102.55	22.01
453	308021195	9.66	2.42	21.41	14.69	4.79	642.38	96.93	21.08
454	308021200	145.42	12.18	21.25	10.86	3.97	870.60	147.55	26.74
455	308031206	21.74	2.42	22.75	10.76	4.00	827.32	136.62	23.05
456	308031209	2.26	2.26	23.05	10.41	4.00	865.93	138.07	19.65
457	308031220	15667.35	21.51	22.65	12.04	4.26	732.46	119.98	22.69
458	309041241	51.26	2.34	19.11	10.35	3.70	1630.79	267.36	36.20
459	309041242	95.76	9.01	18.89	10.60	3.77	1387.11	215.33	32.23
460	309061248	14.38	2.4	20.29	10.67	3.76	1415.75	208.09	35.60
461	309071255	18.84	2.36	20.60	10.45	3.79	1236.77	175.37	34.37
462	310021277	3120.97	30.4	18.83	13.07	4.43	982.93	146.58	25.44
463	310021278	172.73	11.66	20.13	12.38	4.26	939.21	144.96	26.15
464	310021280	736.29	12.08	19.81	13.37	4.42	880.50	132.52	23.88
465	310021281	39.05	11.39	20.39	13.03	4.32	862.76	133.68	21.82
466	310021282	41.86	9.57	20.16	13.47	4.43	857.25	128.18	20.57
467	310031290	116	2.32	20.65	12.53	4.17	936.96	143.80	22.91
468	310031294	39.94	4.92	20.26	12.72	4.25	915.08	138.82	21.48
469	311011305	868.58	19.1	18.89	12.18	4.15	1045.95	154.59	25.58
470	311031319	91	2.4	20.45	11.49	4.01	1045.77	158.15	26.83
471	312011338	115.98	7.46	22.90	12.69	4.24	703.66	122.81	12.85
472	312011339	3400	2	23.25	15.01	4.93	549.86	106.11	8.15
473	312011341	22.08	2.46	23.05	13.87	4.46	558.08	97.09	9.04
474	312021351	19.62	2.46	22.54	10.31	3.84	1671.93	411.85	27.16
475	312021352	1048.24	11.77	22.74	9.66	3.77	1599.22	364.01	26.61
476	312021353	3064.86	9.26	23.06	9.99	3.73	1627.72	379.36	22.31
477	312021357	37.38	2.34	22.74	10.02	3.84	1531.74	351.52	22.14
478	313021365	262.08	2.38	20.78	10.47	3.81	1342.87	233.62	33.53
479	313031370	517.78	14	19.45	12.18	4.17	1032.79	161.14	31.94
480	313031371	92.64	6.82	19.65	10.79	3.91	1467.23	256.38	37.14
481	314011387	57.18	2.38	19.51	10.60	3.85	1259.19	206.66	34.41
482	315011396	10809.06	6.7	26.84	10.03	2.00	1529.70	409.97	3.40
483	315011400	282.81	14.13	25.38	12.97	3.12	956.00	265.00	3.36
484	315021406	13729.74	4.76	26.00	14.05	5.08	506.52	126.14	3.06
485	315021407	255223.26	85.02	25.42	15.07	4.74	550.42	147.20	4.02
486	315031408	793248.5	189.02	23.08	15.18	5.39	492.68	93.20	12.45
487	315031409	343059.2	149.75	21.09	14.93	6.15	510.28	80.64	17.79
488	315031410	574255.36	102.89	24.16	15.15	6.30	284.54	56.13	5.36
489	315031411	1499808.8	310.7	22.00	14.11	6.48	337.31	53.97	10.73
490	315031412	1491235.62	218.66	24.21	15.18	5.67	434.90	90.42	6.57
491	316041431	9.76	4.74	20.86	10.57	3.63	1671.36	278.38	42.52
492	316041433	51.72	4.68	20.98	10.74	3.65	1586.27	269.47	39.23
493	316061439	4.56	2.28	20.75	10.01	3.69	1587.04	275.51	37.57
494	316061440	4689.21	14.55	19.31	10.91	3.90	1588.46	280.48	39.53
495	316061443	147.96	6.8	19.76	11.45	3.86	1503.65	258.08	38.10
496	317011445	148.7	2.48	17.80	13.21	4.74	765.89	106.48	26.56
497	317011449	382.28	2.44	18.04	12.83	4.64	802.34	114.60	28.04
498	317011450	209.72	4.9	18.08	12.64	4.57	848.38	122.72	28.27
499	317011451	870	16.36	18.74	13.34	4.59	850.12	123.56	25.48
500	317011456	35.14	2.52	17.68	11.90	4.35	867.15	125.68	28.46
501	317011458	301.1	6.78	18.04	13.07	4.71	770.54	109.15	27.20
502	318011461	2769.1	4.86	24.48	11.13	3.44	925.97	223.31	12.88
503	318011462	1705.8	2.46	24.10	12.63	3.86	653.72	166.73	8.65
504	318011463	272.3	7.2	23.57	13.09	4.08	643.15	156.84	7.28
505	318021489	277.4	4.46	24.24	10.16	3.36	944.76	228.41	11.21
506	319011498	54.06	8.84	21.64	10.18	3.60	1017.10	168.09	29.83
507	319011499	34.34	2.28	21.68	11.19	3.68	956.88	156.57	27.70
508	319021503	865.48	21.07	20.70	13.67	4.52	735.63	106.94	27.40
509	319021504	156.02	4.62	21.04	11.74	3.93	899.74	150.31	27.58
510	319021505	16.02	2.28	18.69	13.29	4.60	801.31	115.35	27.91
511	319021506	723.24	32.95	19.76	13.85	4.69	713.55	102.34	26.28
512	319021507	1217.5	20.89	18.87	13.46	4.75	753.37	108.50	27.87
513	319021508	851.22	11.5	19.90	13.09	4.43	773.30	117.80	26.66
514	319021509	989.38	6.93	18.70	13.25	4.63	832.83	123.09	27.46
515	319031514	2021.76	44.48	20.41	12.55	4.01	1216.89	206.39	33.52
516	319031515	1090.6	46.72	19.95	13.28	4.31	908.63	138.68	31.35
517	319051522	103.26	7.16	21.71	9.81	3.53	1206.63	197.31	33.67
518	319051525	1077	16.48	21.20	12.49	4.02	1021.71	163.65	30.06
519	401011001	38.5	2.56	17.14	9.63	4.13	502.83	65.72	20.58
520	401021003	56703.66	74.67	14.71	10.81	4.28	694.79	97.36	24.98
521	401021004	2659.6	22.28	14.38	9.92	4.04	851.05	125.92	30.43
522	401021005	914.6	18.2	14.36	10.54	4.05	799.27	117.24	28.04
523	401021006	10125.69	64.22	14.07	10.39	4.09	803.51	112.98	28.66
524	401021007	4865.44	13.78	14.43	10.89	4.09	750.86	106.33	26.43
525	401021008	52694.62	134.65	14.69	11.16	4.09	656.19	90.66	25.14
526	401021009	14459.78	13.2	14.42	11.00	4.10	721.31	99.71	25.95
527	401021010	1451.04	31.54	14.54	9.76	4.08	818.61	117.56	29.71
528	401041015	1036.42	2.26	16.79	9.88	4.22	542.13	72.24	21.90
529	401041016	2914.62	2.2	16.35	9.85	4.18	593.97	80.48	23.41
530	401071023	1341.8	2.36	17.14	9.62	4.12	503.48	65.77	20.60
531	402011025	10737.18	19.78	16.84	11.63	4.61	425.38	50.76	16.80
532	402011026	4795.74	13.32	16.52	11.58	4.61	460.58	57.11	18.20
533	402011027	2526.44	6.92	17.16	11.32	4.55	396.23	46.93	16.80
534	402021032	25.04	2.28	17.05	11.33	4.59	414.45	48.90	17.28
535	402021033	7596.58	40.08	15.80	11.00	4.46	569.99	76.44	21.74
536	402021035	1755.01	14.28	17.16	11.02	4.54	413.78	49.50	17.79
537	402041046	142.66	4.74	17.14	10.76	4.52	441.02	53.80	18.75
538	402051049	2789.24	6.52	15.89	10.58	4.38	585.94	78.57	22.58
539	402051054	324.28	2.14	15.57	10.39	4.31	637.01	87.36	23.70
540	403021059	639.36	2.2	16.75	9.74	4.01	499.73	69.58	20.72
541	403021061	18.24	2.28	16.98	9.68	4.06	490.84	65.26	20.47
542	403031067	229.88	2.28	15.69	9.52	4.03	697.65	99.28	26.51
543	403031068	239.24	2.4	16.93	9.52	4.08	536.03	72.85	21.54
544	403031069	4460.28	2.24	16.58	9.46	4.06	587.88	81.91	23.05
545	403041072	11194.6	6.84	16.17	9.83	3.81	532.41	80.76	19.87
546	403041075	2274.9	29.72	15.17	10.08	4.03	727.01	106.44	27.34
547	403041077	1994.48	2.32	16.10	9.55	4.02	633.72	91.25	24.38
548	403041078	493.44	2.14	15.83	9.92	3.99	628.86	92.87	24.12
549	403041083	2861.8	25.06	15.89	10.01	3.93	593.22	88.32	22.87
550	403041084	35.68	2.22	16.07	9.80	3.99	602.55	88.51	23.47
551	403041087	588.68	4.46	16.36	9.83	3.87	518.42	77.64	19.84
552	403041088	6744.16	34.02	15.83	10.03	3.88	591.52	88.62	22.37
553	403041089	176.06	4.52	15.85	9.73	4.01	644.41	94.53	24.66
554	404011093	14.28	2.38	17.19	9.87	4.22	470.64	61.48	19.70
555	404021103	675.88	2.12	17.26	10.52	4.41	422.98	52.50	18.32
556	405011110	180516.87	279.08	14.16	12.08	4.49	605.01	80.23	24.54
557	405011111	233618.04	301.57	16.02	12.07	4.64	466.87	57.49	18.67
558	405011112	25182.48	60.83	15.73	11.71	4.58	532.27	71.46	20.13
559	405011113	55617.62	110	17.11	11.63	4.54	384.30	45.63	15.77
560	405011114	5820.2	27.32	15.37	12.25	4.62	489.27	61.90	20.16
561	405011115	20254.61	38.86	15.33	12.23	4.62	501.40	64.25	20.13
562	405021116	39038.52	76.76	15.00	13.27	4.97	569.70	75.20	23.40
563	405021117	472988.5	393.32	15.38	12.49	4.75	501.83	62.35	20.48
564	405021118	898198.46	567.87	15.56	13.53	4.93	373.70	43.23	18.34
565	405021119	486544.25	527.04	17.28	12.82	4.64	355.52	45.26	14.30
566	405031120	640569.26	507.82	15.74	13.95	5.21	450.38	55.41	18.75
567	405031121	962820.72	644.06	16.57	13.66	5.41	386.77	45.17	18.18
568	405031122	5777.12	8.93	18.66	12.09	4.68	349.53	37.92	16.08
569	405031123	138807.42	177.78	17.62	12.77	4.78	392.80	47.44	15.76
570	405041124	36457.2	62.04	17.26	12.20	4.51	344.35	45.55	14.05
571	405041125	8590.14	15.6	17.34	11.75	4.40	349.02	46.37	14.85
572	405041126	4381.88	13.21	17.56	12.03	4.49	325.67	41.83	14.07
573	405041127	388276.26	423.76	16.97	11.19	4.22	382.03	52.90	15.34
574	405041128	313270.29	258.06	16.65	9.60	3.65	414.29	65.11	13.82
575	406011129	99254.45	64.92	17.48	12.77	3.90	269.53	39.64	8.69
576	406011130	777926.58	638.34	16.07	9.96	3.35	476.86	77.72	14.40
577	406011131	792779	530.52	17.18	12.77	4.49	317.69	39.30	15.28
578	406011132	763952.08	386.46	17.26	13.26	4.28	344.26	53.33	13.09
579	406011133	43916.63	47.4	16.14	8.96	3.08	508.95	79.80	14.33
580	406011134	601212.1	318.82	17.60	11.80	3.80	310.65	48.02	10.16
581	406011135	54900	2	19.42	15.09	4.94	200.96	25.55	9.21
582	406011136	1450.56	2.2	18.16	11.77	4.53	275.41	28.77	16.84
583	406021138	88000	2	20.31	16.20	6.07	258.54	45.31	9.68
584	406021139	20700	2	20.96	14.45	5.96	203.65	32.74	9.98
585	406021140	613613.64	152	17.73	13.68	5.25	277.55	30.49	15.80
586	406021141	1838400.68	182.59	20.98	14.92	6.16	190.75	34.71	7.14
587	406021142	15649.2	6.74	19.26	12.37	5.07	268.54	30.25	16.44
588	407011144	9337.94	15.78	15.83	9.96	3.44	503.95	69.65	21.33
589	407011145	1117222.58	469.24	15.11	7.83	2.98	607.60	97.52	16.47
590	407011146	46124.4	70.91	15.46	11.02	3.88	555.06	73.64	23.12
591	407011147	142843.19	247.86	15.34	10.67	3.81	587.24	81.73	23.92
592	407011148	20088.96	22.82	15.50	9.14	3.33	608.81	89.56	21.74
593	407011149	170991.56	183.26	15.06	8.99	3.49	682.45	105.09	24.26
594	407021150	354928.16	252.12	14.32	9.28	3.11	734.34	104.62	18.98
595	407021151	1314801.38	420.19	15.24	11.25	3.49	541.74	78.66	15.12
596	407021152	268406	149	14.54	9.85	3.31	717.52	105.97	16.59
597	407021153	90178.24	95.88	14.27	9.73	3.24	728.93	100.90	19.97
598	407021154	425770.7	204.05	14.79	12.81	3.99	529.26	70.20	16.24
599	407021155	1540718.38	570.5	14.76	12.04	3.82	581.99	80.36	16.39
600	407021156	542305.66	317.62	14.34	11.67	3.77	649.59	87.56	17.57
601	407021157	1725556.04	865.92	15.27	13.05	4.13	466.37	59.28	15.71
602	407021158	405786.86	266.98	14.46	9.81	3.28	716.06	104.60	16.95
603	407031159	3850.32	6.8	17.62	14.10	4.81	271.28	32.46	12.15
604	407031161	1005915	599.4	16.13	14.21	4.58	366.48	41.63	16.66
605	407031162	14599.59	13.37	17.06	14.55	4.87	278.60	34.51	12.44
606	407031163	200418.5	127.87	16.87	14.60	4.92	289.27	34.72	13.30
607	407031164	334482.04	337.64	16.03	13.20	4.43	355.53	41.28	17.95
608	407031165	43956.22	42.79	16.32	12.53	4.11	340.77	37.59	18.27
609	407031166	207660.78	144.5	16.25	12.64	4.12	349.57	38.68	18.21
610	407031167	4866.82	2.16	17.94	13.84	5.00	255.20	31.65	11.60
611	407031168	5660.28	12.96	17.75	13.77	5.01	267.88	32.60	12.30
612	407031169	918101.62	538.84	16.03	11.86	3.76	416.14	51.81	16.91
613	407031170	261487.26	197.67	16.94	13.86	4.71	302.25	34.68	15.51
614	501011001	59803.44	165.77	16.68	9.37	3.22	959.25	178.51	13.14
615	501011002	11573.2	32.16	17.24	10.76	3.59	797.30	154.48	10.11
616	501011003	51223.64	116.22	16.70	11.18	3.72	820.26	155.58	11.75
617	501011004	3526.64	9.48	17.12	8.47	2.96	984.92	185.18	12.76
618	501021007	2034.78	32.05	16.99	11.88	4.02	774.05	143.51	11.65
619	501021009	44528.22	34.16	16.24	13.24	4.78	770.36	131.80	10.74
620	501021010	6236.98	39.36	16.69	12.32	4.32	848.69	152.73	13.18
621	501021013	272.98	4.54	17.23	11.31	3.92	763.05	142.67	10.99
622	501021014	35700.3	94.75	16.96	11.98	4.40	872.90	158.06	10.79
623	501021016	7401.5	20.89	17.18	11.60	4.38	899.82	168.27	10.09
624	501031017	899200	443.54	15.48	12.32	4.26	669.79	110.96	14.05
625	501031018	45577.72	170.11	15.56	12.91	4.45	810.79	142.33	13.14
626	501031019	48968.32	84.74	15.58	11.02	3.76	852.11	141.75	16.10
627	501031020	46043.29	117.2	15.99	10.25	3.42	976.70	166.06	16.47
628	502011021	8983.98	2.5	18.34	10.01	3.81	801.98	149.68	6.55
629	502011029	14494.72	68.38	18.18	11.18	4.22	834.25	156.92	7.89
630	503011036	138.66	2.52	18.86	9.94	3.94	714.02	140.17	6.84
631	503021043	466.42	2.52	18.83	10.42	4.10	737.32	144.43	7.12
632	504021049	8688.45	29.98	17.45	12.66	5.04	707.18	134.20	8.77
633	504021050	2171.2	2.24	18.15	12.08	4.71	808.63	156.02	9.75
634	504021051	549.04	2.5	18.33	12.07	4.65	796.09	153.81	9.53
635	504031057	39.54	2.48	18.91	12.34	4.54	707.52	136.26	7.62
636	504031058	2321.53	24.2	18.52	12.63	4.73	688.74	130.64	8.23
637	504031059	106.12	2.66	18.84	12.61	4.62	690.60	130.86	7.86
638	504031060	11909.24	69.39	17.85	12.48	4.89	736.41	141.24	9.33
639	504031066	14.98	2.5	18.92	12.53	4.59	726.26	141.02	8.11
640	504031068	10110.86	11.4	18.76	12.99	4.75	686.67	129.73	8.22
641	505021096	16467.52	2.3	18.87	10.33	4.05	725.29	141.90	6.79
642	505031107	116.32	2.32	18.82	11.39	4.30	700.57	135.63	7.59
643	505031109	320.42	4.44	18.86	11.36	4.25	666.89	128.70	7.29
644	506011114	176.2	7.12	18.05	11.59	4.57	868.33	170.19	10.19
645	506011116	13.88	2.32	17.31	11.48	4.71	944.42	183.57	11.49
646	506041136	201.04	4.72	17.93	11.50	4.59	880.92	171.39	10.23
647	506051141	3800	4.42	17.58	11.72	4.74	894.15	174.06	10.37
648	506061143	8497.46	18.12	18.26	11.57	4.45	824.00	162.51	9.82
649	506061144	8262.24	59.06	17.32	11.90	4.70	913.54	178.88	11.95
650	507011148	53.42	2.42	18.58	11.04	4.26	773.65	154.74	8.43
651	507031172	346.42	2.28	18.55	10.61	4.11	755.78	150.19	7.56
652	507051185	39130	4.52	18.59	10.83	4.13	771.24	149.36	8.16
653	508011194	226916.92	114.48	17.27	9.81	3.26	600.86	91.03	20.75
654	508011195	1534474.42	579.73	17.18	12.32	4.01	400.76	46.59	20.07
655	508021196	37811.06	14.33	23.43	10.14	4.20	245.79	46.49	2.65
656	508021197	201692.92	35.28	24.10	13.68	5.63	229.95	39.50	3.57
657	508031202	218799.96	27.76	18.32	13.42	4.47	266.52	32.52	12.29
658	508041206	4850	2	27.82	14.43	3.77	724.97	217.61	1.18
659	508041207	4850	2	27.06	14.85	5.08	409.85	104.76	1.32
660	508041209	15185.32	2.1	27.27	13.56	3.86	557.77	171.74	1.45
661	508051210	8620.02	2.4	20.40	11.92	3.88	420.28	92.05	3.96
662	508051211	920.42	7.02	20.32	12.10	4.00	425.62	91.73	4.02
663	508051212	20195.32	23.13	20.18	12.66	4.26	419.26	90.99	3.94
664	508051213	1577.94	2.26	20.38	11.96	3.92	429.55	92.99	4.05
665	508051214	167562.01	72.57	20.57	13.24	4.64	436.67	90.10	5.18
666	508051215	126850.1	56.68	22.83	14.79	6.52	238.73	39.01	4.89
667	508051216	919599.01	450.86	20.55	14.60	6.00	333.31	53.05	10.14
668	508051217	832707.58	511.68	21.05	14.48	5.48	295.40	54.44	6.28
669	509011225	5154.2	8.87	16.34	7.39	2.70	822.70	125.25	21.09
670	509011226	414090.38	286.36	16.04	9.10	3.08	728.54	104.00	22.45
671	509011227	532.54	6.84	16.32	7.81	2.80	782.68	116.53	21.43
672	509011228	38089.4	84.58	15.97	9.68	3.17	974.61	157.95	22.59
673	509011229	2043852.1	613.47	16.32	12.16	4.05	416.15	54.19	16.95
674	509011230	757033.44	265.55	16.19	12.82	4.61	404.02	59.48	11.77
675	509011231	3244784.34	887.78	15.84	12.07	4.26	475.61	69.59	13.56
676	509011232	8154.78	6.46	16.11	7.36	2.71	865.45	133.09	21.26
677	509011233	14047.94	28.51	16.04	8.23	2.93	791.76	117.50	21.59
678	509011234	826785.34	435.7	15.70	10.42	3.59	645.67	92.25	20.14
679	509021236	176135.24	189.1	18.33	12.92	4.98	557.34	103.56	8.25
680	509021237	765858.86	413.68	18.21	14.13	5.54	339.96	51.11	12.63
681	509021238	887305.06	514.22	18.85	13.85	5.66	327.07	47.34	12.45
682	509021239	975198.38	354.12	19.06	12.07	4.28	561.58	109.12	6.71
683	509021240	937750.04	456.69	18.01	14.31	5.58	325.80	44.83	13.52
684	509021241	1251876.1	580.89	19.47	14.07	5.70	340.83	53.05	10.20
685	509021242	1006260.7	488.63	18.91	14.24	5.95	296.79	37.48	12.23
686	509021243	303398.93	226.95	17.93	13.94	5.43	466.65	81.23	7.88
687	509021244	116085.7	110.8	17.92	13.23	5.20	535.84	96.16	8.07
688	509021245	905630.6	394.84	17.52	14.24	5.42	469.65	82.24	9.41
689	509031246	1455380.34	528.31	16.97	13.81	5.29	440.50	76.03	10.48
690	509031247	2543403.84	954.46	16.94	13.59	4.78	338.79	43.67	15.31
691	509031248	162297.1	79.34	16.53	12.81	4.88	803.85	147.10	11.23
692	509031249	291264.63	107.98	16.31	12.99	4.98	440.92	75.47	10.04
693	509031250	3147254.24	815.64	16.10	13.14	4.93	489.19	78.87	9.50
694	601011001	3004.1	9.01	11.42	10.12	3.57	651.03	64.00	38.02
695	601011002	18001.67	25.28	12.16	10.12	3.52	572.16	58.59	34.37
696	601011003	644.06	2.36	12.39	9.95	3.47	582.90	59.37	35.36
697	601021005	11444.96	32.26	12.56	9.40	3.26	584.18	61.09	35.59
698	601021010	457.92	4.58	12.27	9.51	3.34	604.53	62.83	36.63
699	601021012	2925.72	11.5	12.92	8.92	3.02	618.60	61.76	39.12
700	601031013	232.28	2.28	12.47	10.34	3.57	567.62	55.63	34.04
701	601031020	77.72	2.22	10.95	10.19	3.56	729.06	71.37	41.33
702	601041022	19.42	2.42	11.48	9.16	3.19	824.46	82.57	48.48
703	601041023	122.52	2.32	12.65	9.19	3.10	679.36	66.77	39.72
704	601041024	452.66	11.16	11.01	9.02	3.11	955.62	98.20	53.79
705	601061034	10090.84	24.43	12.26	8.94	2.99	739.51	72.80	45.90
706	601061035	81639.82	105.15	12.24	9.62	3.29	614.25	63.54	37.78
707	602011038	4.42	2.2	12.75	10.81	3.84	711.80	83.62	34.44
708	602011041	18580.19	8.96	12.71	10.62	3.79	769.13	95.12	34.67
709	602011044	1010.76	2.12	12.21	10.76	3.83	773.73	91.70	36.83
710	602011046	33.28	2.22	12.35	10.73	3.81	790.46	96.96	36.04
711	602011050	4956.52	6.9	12.16	10.78	3.83	769.85	89.86	36.48
712	602011052	2023.78	8.94	12.54	10.93	3.85	697.06	79.05	34.56
713	602021053	9557.24	15.81	12.67	8.85	3.35	869.36	116.22	33.82
714	602021054	108596.84	181.22	8.02	8.81	3.50	1747.23	237.41	72.68
715	602021055	14113.96	47.08	12.08	10.05	3.63	914.52	117.78	36.27
716	602021056	70120.42	42.3	11.95	11.16	3.87	791.83	95.96	36.53
717	602021057	145721.7	198.63	10.46	11.08	3.85	959.08	126.16	39.45
718	602031058	44973.3	93.68	10.98	10.10	3.75	1036.76	131.24	43.64
719	602031059	44316.2	49.59	13.16	8.77	3.32	859.05	114.73	32.63
720	602031060	101595.92	66.24	12.11	11.37	3.92	698.30	79.16	34.42
721	602031061	1282839.26	317.03	9.80	10.65	3.82	837.58	88.03	41.14
722	602031062	136208.82	72.43	12.09	11.30	3.91	663.44	72.36	33.56
723	602031063	285599.78	195.5	13.35	8.31	3.10	902.43	103.26	38.31
724	602031064	141695.72	52.92	10.99	10.02	3.47	1020.70	103.84	53.42
725	603011065	707158.02	174.18	9.14	10.19	3.69	872.02	95.95	40.21
726	603011066	48550.26	44.04	9.01	9.23	3.47	1224.76	135.16	56.46
727	603011067	932424.48	420.18	10.43	10.65	3.68	592.06	59.20	33.87
728	603011068	849.94	4.62	10.13	8.11	2.90	1824.34	208.10	81.96
729	603021069	8693.94	18.44	11.60	8.15	2.80	954.57	98.72	53.61
730	603021070	1917.72	22.78	11.33	9.46	3.09	962.76	102.38	51.34
731	603021071	1421.38	11.38	11.10	9.14	2.98	1152.73	124.20	58.99
732	603021072	1864.94	32.02	10.26	9.72	3.39	1075.91	113.83	52.91
733	603031073	20398.64	36.96	12.49	8.14	2.70	843.25	86.31	48.70
734	603031074	271232.76	114.58	11.82	10.08	3.18	709.46	73.61	42.25
735	604011076	21448.38	138.68	10.30	8.00	3.11	1545.85	212.46	61.23
736	604011077	170.26	2.22	13.06	7.95	2.99	993.30	126.74	38.23
737	604011079	92.7	7.16	12.21	8.08	3.07	1082.74	139.20	43.42
738	604011081	23.9	4.78	12.53	8.11	3.06	1091.93	143.21	42.09
739	604011082	2430.18	14.54	12.59	8.54	3.15	977.56	128.29	40.25
740	604011083	703.02	6.84	12.87	8.40	3.10	967.59	125.44	39.03
741	604011084	2306.45	11.94	12.72	8.31	3.09	1057.28	134.62	39.92
742	604021086	1507.62	6.88	12.74	8.95	3.27	878.15	115.05	36.36
743	604021087	19382.73	57.22	12.47	9.46	3.39	882.25	116.37	37.70
744	604021088	1987.5	6.6	12.80	8.98	3.27	907.44	117.85	36.76
745	604021089	22310.42	64.6	12.52	9.10	3.35	867.06	114.72	35.66
746	604021090	479.88	4.52	12.75	9.16	3.31	896.87	118.06	37.07
747	604021091	30345.14	149.9	9.23	8.42	3.31	1704.54	225.82	74.29
748	604021092	9477.6	42.48	12.69	8.81	3.22	935.61	122.38	38.52
749	604031093	23585.64	32.2	13.84	6.02	2.49	898.09	109.08	33.70
750	604031094	9248.07	30.09	12.26	7.39	2.75	1414.29	173.31	59.27
751	604031095	112.81	6.8	12.97	8.16	2.89	1071.42	134.82	44.83
752	604031096	7718.71	36.78	9.95	7.77	3.09	1897.38	240.74	76.86
753	604031097	32.26	2.48	10.01	8.41	3.05	2504.47	295.73	112.93
754	701021012	16.92	2.12	28.23	9.54	1.62	1751.68	444.20	1.69
755	701031033	3640	2	27.93	10.06	1.80	1707.12	398.22	1.15
756	702031057	52.44	2.28	28.01	11.56	2.11	1488.29	335.13	1.28
757	801011012	5399.34	2.28	13.72	12.45	5.42	699.02	77.33	43.61
758	801021027	74978	24.9	13.05	12.67	5.32	807.52	85.67	48.41
759	801021028	3987.68	4.74	14.07	12.69	5.42	671.56	75.89	40.99
760	801021029	10908.62	8.94	9.93	12.58	5.14	900.89	95.93	56.17
761	801031030	7316.48	9.54	13.68	13.26	5.45	637.42	75.59	36.71
762	801031032	1390.04	4.32	12.84	13.05	5.35	689.26	80.77	40.68
763	801031033	745.36	2.46	13.60	13.22	5.47	639.15	76.69	37.59
764	801051054	569.06	2.58	13.83	12.99	5.49	640.68	75.54	38.14
765	801051061	949.44	2.38	13.83	12.99	5.49	640.68	75.54	38.14
766	801071089	1939.74	2.28	12.91	13.20	5.32	695.84	78.29	38.16
