	ASGS	T1	T2	T4	P1	P2	P3
1	101011001	14.02	12.80	5.12	656.44	74.73	38.26
2	101011002	13.51	12.74	5.09	757.05	88.76	41.97
3	101011003	14.54	12.95	5.63	677.57	71.38	42.89
4	101011004	14.27	12.76	5.53	711.63	75.41	44.71
5	101011005	15.26	14.30	5.88	616.64	65.00	38.79
6	101011006	15.33	14.19	5.78	624.34	68.38	38.64
7	101021007	12.90	12.41	4.83	854.64	108.02	43.96
8	101021008	13.85	13.50	5.46	626.64	75.64	35.68
9	101021009	13.92	13.49	5.48	623.81	75.71	35.94
10	101021011	11.76	12.56	5.11	780.80	92.79	48.00
11	101021012	13.55	13.32	5.42	642.37	76.10	36.10
12	101031013	11.33	12.96	4.84	653.05	82.67	36.45
13	101031014	11.72	14.05	5.11	524.35	66.92	25.93
14	101031015	10.73	12.92	4.99	730.47	84.61	41.14
15	101031016	9.39	12.09	4.97	978.08	108.39	54.91
16	101041019	15.68	11.24	3.96	859.85	115.64	29.69
17	101041020	15.30	9.70	3.63	863.87	105.85	40.55
18	101041022	14.59	11.87	4.28	933.57	131.83	38.52
19	101041024	15.75	10.50	3.78	1043.31	138.99	42.76
20	101041025	15.60	10.11	3.67	826.83	104.30	32.93
21	101041026	16.29	9.74	3.47	1038.49	137.34	40.20
22	101041027	15.97	9.49	3.43	1024.23	133.81	39.88
23	102011030	17.25	10.40	3.87	1205.94	161.66	55.07
24	102011043	18.14	9.87	3.72	1283.00	163.57	61.95
25	102021047	18.23	9.23	3.55	1306.10	166.75	61.16
26	102021049	17.56	9.97	3.75	1165.43	162.12	48.78
27	102021051	17.55	9.79	3.69	1272.01	169.71	59.58
28	103011058	13.75	13.56	5.40	635.68	93.63	37.31
29	103011059	13.74	13.55	5.37	624.91	93.67	34.65
30	103011060	13.47	13.03	5.31	705.88	97.31	42.98
31	103011061	11.96	11.62	5.05	845.89	109.81	50.19
32	103021062	18.12	13.62	6.16	451.11	61.91	26.60
33	103021063	16.68	14.82	5.83	601.96	72.17	38.30
34	103021064	16.16	14.58	5.79	632.98	75.55	40.22
35	103021065	17.45	13.78	6.03	496.95	63.81	31.37
36	103021066	16.63	13.78	5.93	556.67	61.96	31.84
37	103021067	17.52	12.99	5.85	566.14	72.06	38.73
38	103021068	17.58	13.10	5.94	552.98	72.24	37.14
39	103021069	17.05	13.39	6.10	458.99	52.57	27.48
40	103031071	13.49	11.90	5.00	794.13	115.75	43.12
41	103031072	15.83	13.49	5.53	685.91	98.83	35.37
42	103031073	14.51	11.99	5.08	726.91	107.39	39.25
43	103031074	15.72	13.19	5.52	691.70	98.74	40.74
44	103031075	14.79	11.65	4.79	881.89	136.63	39.31
45	103041076	13.81	13.67	5.51	794.12	92.61	44.49
46	103041077	13.41	12.22	5.38	818.33	104.29	49.73
47	103041078	13.74	12.64	5.46	785.36	100.60	49.15
48	103041079	15.06	13.38	5.70	698.87	90.30	46.77
49	104011080	19.58	12.48	4.17	1036.59	142.00	26.73
50	104011081	18.63	13.31	4.42	1118.17	163.77	30.90
51	104011082	20.14	10.24	3.59	1413.46	186.38	42.23
52	104021083	17.36	12.36	4.28	1482.18	221.63	36.90
53	104021086	18.31	11.43	4.08	1577.36	233.58	43.75
54	104021087	15.00	12.14	4.31	1425.73	215.30	36.98
55	104021089	18.98	10.73	3.85	1668.66	251.58	42.13
56	104021090	19.24	10.95	3.87	1630.60	242.78	40.98
57	104021091	18.90	10.99	3.95	1424.15	198.02	40.19
58	105011092	21.04	14.11	6.37	362.04	52.94	13.79
59	105011093	19.22	13.43	6.16	393.66	56.85	20.24
60	105011094	19.66	14.32	6.12	526.62	89.48	24.49
61	105011095	19.76	13.63	6.17	460.45	65.94	19.83
62	105011096	20.59	14.04	6.18	496.87	83.24	20.42
63	105021097	18.58	12.43	5.67	292.41	31.86	17.04
64	105021098	19.73	13.63	6.04	286.79	37.55	15.34
65	105031099	17.56	14.13	5.75	686.36	118.43	37.58
66	105031100	17.66	14.06	6.03	551.21	81.85	32.38
67	105031101	17.75	14.07	6.04	544.78	82.17	32.16
68	105031102	17.84	14.07	6.05	538.64	83.46	31.47
69	105031103	17.34	13.81	5.93	589.06	86.49	35.31
70	105031104	17.61	14.64	6.02	653.85	110.04	33.44
71	105031105	18.32	13.85	6.07	520.58	80.32	30.45
72	105031106	16.49	13.64	5.78	628.77	85.42	41.37
73	106011107	18.38	12.68	4.55	757.74	107.65	31.22
74	106011109	17.50	11.50	4.25	920.44	129.75	36.75
75	106011110	17.07	11.10	4.24	1142.54	167.27	40.03
76	106011111	18.55	12.29	4.41	865.55	116.56	33.84
77	106011112	18.67	13.01	4.65	709.39	104.44	29.95
78	106011113	17.53	12.47	4.60	781.76	116.74	31.22
79	106021114	18.68	12.16	4.37	925.56	124.34	35.24
80	106021116	18.45	12.13	4.35	934.61	128.65	34.08
81	106021117	18.53	12.47	4.46	846.31	115.28	32.60
82	106021118	18.61	11.29	4.15	1043.65	139.15	41.71
83	106031122	18.51	10.94	4.06	1116.43	147.46	48.20
84	106031123	18.23	11.61	4.24	1062.93	145.57	39.92
85	106031124	18.09	11.00	3.90	1300.36	164.70	61.88
86	106031125	18.18	10.99	4.04	1191.10	155.62	55.00
87	106041126	17.76	13.46	4.92	665.36	104.32	28.82
88	106041127	16.95	13.18	4.97	717.22	113.43	32.04
89	106041128	17.43	13.78	5.04	681.33	109.86	31.62
90	106041129	15.89	12.80	4.97	777.82	125.06	35.53
91	107011130	18.19	8.27	3.16	1269.09	181.04	52.53
92	107011131	17.76	9.58	3.51	1254.19	178.52	49.12
93	107021135	15.76	11.08	4.17	1255.24	175.77	50.97
94	107031136	16.92	9.65	3.60	1416.33	202.07	57.18
95	107031140	16.39	9.34	3.56	1540.63	217.62	71.38
96	107041144	17.24	9.01	3.48	1373.27	197.77	58.17
97	107041147	16.79	9.65	3.80	1330.36	186.38	61.05
98	108011151	17.26	11.07	4.00	1229.16	171.60	50.99
99	108011153	17.88	11.34	3.89	1297.49	173.51	56.99
100	108021155	18.95	10.97	3.79	1262.88	165.54	32.08
101	108021156	17.87	12.20	4.16	1225.14	173.01	29.20
102	108021157	19.43	10.69	3.73	1435.70	197.42	40.80
103	108021159	18.39	12.13	4.13	1391.53	200.42	36.55
104	108041162	17.76	10.28	3.74	1444.19	204.83	42.14
105	108041165	16.35	11.24	4.01	1444.80	207.85	35.10
106	108041166	18.27	10.40	3.75	1360.87	190.57	37.35
107	108051167	15.54	11.25	4.35	1108.33	166.72	38.60
108	108051168	18.30	10.78	3.75	1312.51	185.20	41.59
109	108051169	18.44	11.34	3.90	1256.11	182.69	38.49
110	108051170	17.44	11.55	4.04	1238.72	182.66	36.49
111	109011172	15.72	12.77	5.65	744.98	87.51	43.54
112	109011174	15.62	13.40	5.77	706.68	80.83	41.21
113	109011175	14.89	12.64	5.70	726.97	81.36	43.08
114	109011176	15.44	12.96	5.73	731.38	85.13	43.36
115	109021177	17.77	13.74	5.77	349.01	36.46	19.43
116	109021178	18.06	13.76	5.36	278.78	30.35	13.73
117	109021179	18.35	14.05	5.66	303.40	32.82	17.55
118	109031180	15.95	14.22	5.81	550.45	57.80	28.38
119	109031181	16.59	13.98	5.96	485.71	50.49	27.69
120	109031182	16.58	13.57	5.63	386.77	36.61	20.01
121	109031183	16.67	13.63	5.58	379.98	37.65	19.66
122	109031184	15.83	13.58	5.47	396.89	40.48	19.52
123	109031185	16.90	13.91	5.88	412.30	40.12	22.35
124	110011186	13.86	12.37	4.80	787.32	131.24	37.62
125	110011187	13.76	12.30	4.77	867.07	139.32	35.39
126	110011188	14.13	13.28	5.05	806.82	130.70	35.55
127	110011189	13.63	12.24	4.66	1013.54	162.93	40.83
128	110021190	15.06	13.01	4.74	937.14	142.22	37.45
129	110021191	16.82	14.79	5.42	808.17	123.01	39.22
130	110021192	17.60	15.06	5.57	741.67	115.35	31.90
131	110021193	17.80	15.41	5.81	756.95	119.91	35.42
132	110021194	16.25	12.44	4.56	980.16	140.85	35.51
133	110031195	20.24	14.19	5.94	597.06	92.11	26.00
134	110031196	20.18	14.38	5.92	610.87	93.96	25.88
135	110031197	19.75	14.39	5.84	658.91	113.50	28.27
136	110031198	19.52	14.41	5.91	649.02	111.94	30.25
137	110041199	18.59	13.49	5.53	623.37	110.99	27.55
138	110041200	18.41	13.98	5.61	631.42	110.84	28.19
139	110041201	17.01	13.88	5.48	704.12	123.89	35.40
140	110041202	17.07	14.05	5.43	709.33	118.20	34.54
141	110041203	16.83	14.08	5.44	720.59	118.22	34.52
142	110041204	17.37	13.90	5.48	685.41	116.02	34.72
143	110041205	16.33	14.25	5.53	746.03	121.94	36.04
144	111021218	18.31	10.08	3.79	1126.38	154.60	44.71
145	111031223	18.67	10.90	4.06	1065.07	141.11	42.74
146	112011237	20.06	9.40	3.48	1812.59	256.11	41.84
147	112011238	19.92	9.28	3.43	1887.76	251.78	45.63
148	112011239	20.46	9.35	3.41	1890.79	253.41	46.24
149	112011241	20.84	10.59	3.71	1490.21	203.08	38.70
150	112011243	19.90	10.06	3.57	1867.25	267.61	44.40
151	112021244	20.22	13.00	4.19	1144.78	167.34	25.63
152	112021245	19.48	12.86	4.25	1131.71	167.69	26.86
153	112021247	18.42	11.69	4.07	1319.49	200.26	33.00
154	112021248	20.11	11.36	3.92	1477.77	195.98	34.09
155	112021249	19.83	11.20	3.87	1515.27	209.17	35.98
156	112031252	19.69	11.08	3.80	1712.16	264.45	38.16
157	112031253	20.22	10.04	3.55	1887.16	274.00	43.48
158	112031254	19.88	10.13	3.58	1906.93	300.59	42.14
159	112031255	20.21	9.93	3.54	1883.47	286.85	42.88
160	113011256	17.21	13.28	5.85	433.40	46.32	28.88
161	113011257	17.56	13.29	5.96	424.22	46.31	26.59
162	113011258	17.27	12.99	5.92	437.30	43.10	29.02
163	113011259	17.07	13.03	5.99	445.42	43.92	27.06
164	113021260	11.36	12.13	5.28	1119.22	135.64	62.01
165	113021261	15.17	14.34	5.81	832.94	94.00	41.90
166	113021262	11.51	12.50	5.40	1127.99	126.47	63.22
167	113031263	15.90	13.92	6.06	600.95	64.50	35.08
168	113031264	15.56	13.78	5.93	703.57	74.02	42.42
169	113031265	16.21	13.73	6.12	568.78	57.18	33.82
170	113031266	16.55	13.47	6.10	503.79	54.63	29.43
171	113031267	16.35	12.88	6.00	571.60	58.15	33.43
172	113031268	16.51	12.93	6.06	556.22	54.54	32.39
173	113031269	16.28	12.58	5.98	580.61	60.12	33.38
174	113031270	16.36	12.49	5.99	569.74	58.52	32.66
175	113031271	16.15	12.89	5.93	573.78	59.35	34.95
176	114011272	16.53	10.27	3.78	1392.80	193.30	66.97
177	114011274	17.76	9.13	3.33	1196.69	146.25	56.00
178	114011275	15.83	11.10	4.15	1070.15	136.45	51.02
179	114011277	17.16	10.44	3.73	1191.35	157.46	57.36
180	114011278	17.60	9.93	3.53	1126.28	141.71	52.35
181	114011281	17.13	9.94	3.64	1174.19	145.29	58.73
182	114011282	17.09	9.30	3.48	1272.93	160.18	54.85
183	114011283	16.70	9.86	3.66	1197.69	149.88	48.74
184	114021284	13.81	11.75	4.58	996.15	130.89	47.72
185	114021285	14.73	11.91	4.53	965.10	126.78	41.01
186	114021286	14.20	11.60	4.49	1037.35	138.62	46.38
187	114021287	13.88	11.92	4.63	980.39	129.20	46.21
188	114021288	14.26	10.96	4.28	1377.13	200.06	60.37
189	114021289	14.35	12.41	4.77	863.40	111.49	39.85
190	115021298	17.64	11.10	4.10	1130.78	153.36	47.79
191	115031299	16.98	12.03	4.51	947.02	141.88	39.13
192	115031300	18.01	12.80	4.63	892.95	134.25	37.88
193	115041301	18.13	12.46	4.49	902.97	133.12	39.44
194	115041302	18.12	12.12	4.37	932.43	136.00	40.92
195	116021312	18.14	12.47	4.47	879.51	131.30	36.91
196	117031336	18.37	9.29	3.69	1212.86	151.02	62.34
197	118011346	18.50	9.07	3.59	1294.28	163.29	68.06
198	119021365	18.20	10.22	3.95	1059.54	134.01	50.42
199	120031396	18.15	10.61	4.01	1073.26	140.90	50.88
200	122021420	18.41	9.64	3.68	1302.30	165.12	64.61
201	122021421	18.26	10.06	3.80	1260.34	162.89	60.36
202	123011433	17.49	13.10	4.63	763.87	103.34	31.79
203	123011434	17.51	12.84	4.57	780.05	106.13	32.09
204	123021436	17.18	11.51	4.26	941.31	126.17	44.29
205	123021438	17.53	12.16	4.42	835.77	115.13	34.73
206	123031445	16.05	12.46	4.54	947.31	128.25	38.26
207	123031446	16.90	12.07	4.38	947.77	127.47	42.42
208	123031447	15.82	12.83	4.70	875.17	117.84	35.45
209	123031448	16.01	12.95	4.76	883.07	122.15	34.62
210	124011449	14.16	11.65	4.88	944.26	136.74	39.57
211	124011451	14.72	11.35	4.66	1124.24	171.92	43.76
212	124021456	15.82	13.00	4.90	845.40	120.52	33.39
213	124031458	17.87	12.90	4.60	880.36	135.25	35.01
214	124031463	17.82	12.79	4.52	816.76	122.32	30.76
215	124031465	17.36	13.23	4.70	813.03	119.15	29.66
216	124041466	18.11	13.09	4.71	864.57	133.22	35.80
217	124041467	18.15	12.80	4.59	862.90	131.05	35.78
218	124041468	18.11	12.94	4.62	856.20	131.53	34.93
219	125041492	18.12	11.33	4.17	996.83	138.17	45.62
220	127011505	17.73	12.74	4.52	799.02	115.92	30.40
221	127011506	17.57	12.64	4.52	799.17	111.92	31.23
222	127021518	17.87	12.14	4.36	851.22	123.44	33.62
223	201011001	12.93	11.20	4.42	643.73	66.47	35.27
224	201011002	12.88	11.00	4.39	660.31	67.93	36.61
225	201011003	12.58	10.65	4.38	713.67	74.88	38.70
226	201011005	12.67	10.50	4.22	696.94	72.75	40.39
227	201011006	12.90	11.04	4.37	652.12	66.99	36.69
228	201011007	12.91	11.01	4.33	652.00	66.56	37.65
229	201011008	12.99	11.42	4.52	637.70	66.44	33.70
230	201021009	13.13	11.42	4.27	666.48	75.10	39.06
231	201021010	13.14	11.92	4.70	648.96	71.73	32.36
232	201021011	12.34	11.47	4.66	801.09	96.33	36.70
233	201021012	12.29	10.42	4.25	771.60	85.61	42.46
234	201031013	14.26	12.37	4.81	539.53	62.17	25.48
235	201031014	13.11	11.32	4.40	632.35	66.35	34.34
236	201031015	13.40	11.10	4.15	623.45	65.65	37.10
237	201031016	14.73	12.85	4.96	502.94	54.46	23.56
238	201031017	14.47	12.97	4.93	524.08	57.13	24.83
239	202011020	15.04	12.54	5.12	521.88	57.02	24.32
240	202011021	14.63	12.47	5.11	568.39	63.31	25.84
241	202011023	15.15	12.72	5.12	497.59	53.77	23.86
242	202011025	15.35	12.70	5.17	481.44	51.51	23.13
243	202021026	14.79	12.83	5.07	533.32	58.26	24.71
244	202021027	13.86	13.11	4.98	626.72	71.79	28.39
245	202021028	13.79	12.69	4.97	629.19	72.01	28.66
246	202021029	14.46	12.65	5.03	576.09	64.34	27.11
247	202021030	12.61	12.03	4.78	758.52	95.18	35.77
248	202021031	11.81	10.93	4.52	860.20	97.69	44.82
249	202031032	15.47	12.82	5.18	465.14	49.23	22.87
250	202031033	16.01	13.19	5.24	411.82	42.82	22.48
251	203011034	14.68	10.55	3.79	521.89	59.07	30.90
252	203011035	13.76	10.95	3.99	588.89	65.65	35.41
253	203011036	14.14	9.58	3.54	673.40	72.66	36.93
254	203021038	14.92	10.39	3.79	504.82	55.92	31.74
255	203021040	14.82	10.20	3.74	522.07	57.69	32.25
256	203021041	14.85	9.44	3.56	554.33	57.84	35.40
257	203021042	14.74	9.67	3.61	553.41	59.30	34.46
258	203021043	14.70	11.10	3.96	505.73	58.74	31.56
259	203021044	14.95	9.12	3.55	545.66	53.31	36.63
260	203021047	14.97	10.22	3.74	506.37	55.49	31.88
261	203031048	14.79	8.72	3.52	575.18	55.31	35.85
262	203031049	12.86	8.38	3.42	963.09	104.40	50.47
263	203031050	14.89	8.65	3.45	573.27	55.68	37.00
264	203031051	14.78	8.66	3.55	589.96	55.88	35.46
265	203031052	14.81	8.23	3.42	596.84	57.52	35.43
266	203031053	14.74	8.95	3.43	603.28	61.40	38.11
267	204011054	13.23	11.73	4.76	971.77	123.11	42.54
268	204011055	14.67	12.75	5.24	676.67	78.79	34.60
269	204011056	13.76	11.77	4.71	677.01	74.04	37.02
270	204011057	12.48	11.87	4.86	1025.35	128.97	49.24
271	204011058	14.54	12.65	5.12	635.44	70.99	31.80
272	204011059	14.34	12.59	5.03	645.93	73.71	32.83
273	204011060	13.77	12.26	4.88	654.07	79.09	32.18
274	204011062	13.43	11.41	4.68	880.12	103.23	41.66
275	204021063	15.15	13.63	5.40	716.61	82.63	37.61
276	204021064	13.99	12.87	5.32	840.30	102.45	41.82
277	204021065	15.84	14.30	5.80	561.94	58.88	29.12
278	204021066	15.43	14.15	5.62	641.41	67.46	32.39
279	204021067	13.37	13.03	5.27	1041.27	130.10	51.76
280	204031068	12.51	11.41	5.45	1150.45	142.38	52.46
281	204031069	11.94	11.72	5.06	1339.53	176.06	60.69
282	204031070	15.15	13.90	5.75	694.58	76.24	38.22
283	204031071	13.92	13.65	5.35	1082.43	137.91	50.70
284	204031072	12.34	12.03	5.18	1191.39	157.69	56.36
285	204031073	15.20	13.36	5.74	747.37	84.88	41.86
286	204031074	15.32	12.94	5.65	807.56	94.46	44.17
287	204031075	14.64	12.88	5.48	967.86	117.74	49.81
288	205011076	14.06	10.80	3.87	942.70	96.99	52.96
289	205011077	13.18	10.46	4.02	1052.56	112.84	57.65
290	205011078	13.19	9.75	3.81	989.10	100.37	51.88
291	205011079	13.92	10.38	3.81	943.81	96.98	50.60
292	205021081	15.08	11.14	3.71	654.63	74.68	41.05
293	205021082	12.83	11.89	4.39	801.57	85.08	50.11
294	205021084	15.17	10.10	3.45	690.67	74.26	41.65
295	205021085	12.71	10.87	4.13	935.71	101.87	59.60
296	205021086	15.10	10.73	3.60	625.74	69.16	39.88
297	205031087	14.12	9.06	3.48	957.05	102.83	40.48
298	205031088	14.72	9.46	3.67	803.14	80.12	43.62
299	205031089	13.80	9.64	3.66	1001.61	102.67	49.24
300	205031090	13.96	9.83	3.69	950.35	100.40	45.00
301	205031091	14.93	8.22	3.40	791.88	81.43	38.78
302	205031093	14.48	9.43	3.53	884.21	91.64	43.02
303	205041094	13.03	9.77	3.87	961.96	100.54	48.04
304	205041095	14.13	10.36	3.90	817.12	85.15	44.54
305	205041097	14.52	10.94	3.96	664.63	66.96	36.76
306	205041098	14.00	10.41	3.94	800.72	79.92	43.95
307	205051099	10.50	10.40	4.64	1100.78	122.32	57.34
308	205051100	14.79	10.73	3.74	594.94	63.14	37.03
309	205051101	14.44	11.49	4.03	659.35	70.84	40.16
310	205051102	14.22	10.63	3.90	667.11	66.99	37.74
311	205051103	14.90	11.27	3.95	560.67	60.38	34.86
312	205051104	14.15	9.62	3.64	740.44	73.33	40.70
313	206041119	15.55	10.08	3.92	615.82	64.63	40.65
314	206061136	15.48	9.84	3.87	627.98	65.45	41.43
315	207011150	15.25	9.95	3.91	690.57	70.90	44.80
316	207011151	15.45	10.08	3.93	643.89	66.99	42.16
317	208031186	15.27	9.70	3.83	682.01	65.13	44.64
318	209031211	12.59	9.58	4.30	1118.72	123.43	56.56
319	209031212	13.85	10.54	4.26	870.61	90.33	50.27
320	209031213	14.65	10.73	4.18	707.28	72.74	46.17
321	209031214	14.75	10.66	4.10	766.95	76.39	47.33
322	209041218	14.49	10.75	4.22	655.60	68.52	44.22
323	209041224	12.97	10.56	4.52	844.55	91.72	46.66
324	209041225	13.73	10.69	4.35	760.15	77.28	47.34
325	210011227	15.17	10.41	4.03	581.23	62.82	38.83
326	210021232	12.88	11.41	4.39	691.73	72.82	41.26
327	210021234	12.70	11.11	4.44	717.42	73.29	41.67
328	210021235	12.69	11.17	4.56	730.27	78.08	39.51
329	210041240	13.95	11.42	4.36	572.04	60.68	36.58
330	210041241	13.78	11.31	4.30	593.43	64.07	37.95
331	210051244	14.21	10.96	4.29	594.19	62.76	39.31
332	210051245	14.83	10.75	4.15	582.96	63.39	38.69
333	210051246	14.50	11.01	4.22	565.63	61.72	37.26
334	211011255	14.74	10.14	3.92	832.98	78.72	53.01
335	211051274	14.34	10.05	3.93	905.83	86.46	55.81
336	211051276	13.86	10.83	4.15	1037.02	115.80	55.81
337	211051278	14.48	10.94	4.08	888.28	91.91	51.54
338	211051279	13.84	10.28	3.97	1039.41	104.87	60.02
339	211051282	13.57	9.68	3.96	1067.90	107.73	61.79
340	211051285	14.14	10.72	4.03	979.03	101.60	55.85
341	211051286	12.52	9.90	4.12	1284.83	143.04	63.62
342	212011288	14.31	10.93	3.91	905.50	91.88	53.33
343	212011289	13.71	10.32	3.95	1048.47	104.57	60.86
344	212011290	14.60	10.53	3.83	820.69	80.37	47.76
345	212011292	14.54	10.75	3.96	821.12	80.59	50.49
346	212021293	14.43	10.10	3.93	865.29	82.45	53.62
347	212021299	14.66	10.17	3.93	829.31	78.83	52.46
348	212031300	14.83	9.95	3.89	758.79	72.54	47.73
349	212031302	14.82	10.17	3.92	765.17	73.57	48.59
350	212031303	14.74	10.22	3.91	763.96	73.53	46.93
351	212031308	14.84	10.13	3.87	750.45	72.22	44.85
352	212051324	15.01	9.77	3.89	741.38	74.28	47.85
353	213021343	15.28	10.33	3.97	546.39	58.43	36.92
354	213041353	14.14	12.45	4.36	531.35	59.64	33.67
355	213041355	14.67	11.39	4.21	515.45	57.91	33.57
356	213041356	14.09	11.84	4.31	539.25	60.31	34.30
357	213041357	14.64	12.01	4.26	486.60	55.00	31.41
358	213041358	14.43	12.22	4.33	492.06	56.30	31.38
359	213041359	14.74	11.44	4.20	503.07	56.12	33.00
360	213051366	15.03	10.83	4.09	517.79	55.77	35.04
361	213051367	14.92	10.97	4.02	492.13	52.53	33.74
362	213051369	14.76	11.42	4.12	494.92	54.01	33.25
363	214011370	15.10	9.61	3.84	715.28	68.08	45.46
364	214011374	14.94	9.40	3.81	749.01	72.66	45.85
365	214011376	14.95	9.71	3.86	741.70	70.69	46.74
366	214021377	14.58	7.65	3.44	840.33	85.33	42.56
367	214021378	14.68	7.42	3.31	807.41	82.59	40.31
368	214021379	15.06	8.57	3.56	769.51	77.81	40.70
369	214021381	15.09	8.81	3.72	740.41	74.31	43.32
370	214021382	15.12	8.26	3.55	743.92	75.00	40.48
371	214021385	14.99	9.04	3.74	754.01	75.16	44.09
372	215011386	13.79	11.73	4.40	566.28	62.99	28.71
373	215011387	13.77	11.50	4.20	559.80	62.15	28.54
374	215011388	15.06	13.28	4.76	429.85	50.29	20.48
375	215011389	14.92	13.24	4.72	446.69	53.79	19.68
376	215011390	15.80	14.16	4.82	363.05	43.52	16.30
377	215011391	15.19	12.91	4.98	462.86	57.71	21.16
378	215011392	14.69	12.30	4.65	512.38	60.44	23.70
379	215011393	14.55	13.08	4.37	495.78	62.06	18.43
380	215011394	16.19	13.81	5.07	362.43	44.93	17.03
381	215021395	17.79	13.83	5.36	295.81	31.24	14.56
382	215021396	17.90	13.83	5.36	282.16	31.19	13.31
383	215021397	17.78	13.86	5.37	290.70	31.11	13.93
384	215021398	17.00	14.23	5.13	314.77	35.15	15.20
385	215021399	17.71	13.99	5.37	297.77	31.59	14.35
386	215031400	16.14	13.68	5.19	370.52	42.84	18.72
387	215031401	16.64	13.51	5.34	371.42	39.46	20.12
388	215031402	16.70	13.36	5.30	375.44	39.45	20.83
389	215031403	17.47	14.28	5.51	319.25	32.56	17.23
390	215031404	17.03	13.38	5.26	353.69	39.00	18.15
391	215031405	17.06	13.83	5.34	340.93	36.49	17.91
392	216011406	15.84	13.40	5.40	407.23	41.59	19.86
393	216011407	15.62	13.33	5.37	426.27	42.30	21.14
394	216011408	16.03	13.38	5.40	399.10	40.59	20.45
395	216011409	15.70	13.06	5.34	426.94	42.79	20.71
396	216011410	15.20	12.88	5.19	500.47	50.43	24.62
397	216021411	16.36	13.99	5.71	461.78	46.42	22.37
398	216021412	15.89	13.97	5.67	522.45	53.65	26.66
399	216021413	16.00	13.77	5.59	428.23	41.49	21.46
400	216021414	16.13	14.11	5.76	499.74	50.18	25.05
401	216031415	15.57	13.14	5.30	478.42	48.31	25.29
402	216031416	15.67	13.21	5.34	475.48	47.57	24.95
403	216031417	15.60	13.10	5.30	506.55	51.24	27.23
404	216031418	15.69	13.31	5.37	505.46	51.58	26.82
405	216031419	15.42	13.14	5.28	480.15	48.69	25.02
406	217011420	14.22	10.82	3.56	669.62	85.99	20.92
407	217011421	13.86	11.21	3.81	636.27	73.87	24.04
408	217011422	14.34	8.19	2.80	740.84	98.38	23.64
409	217011423	13.73	11.74	4.07	627.42	76.80	22.28
410	217021424	14.01	10.61	3.81	690.48	74.52	33.35
411	217021425	13.83	10.53	3.72	753.90	83.00	36.62
412	217021426	13.96	10.55	3.71	718.73	78.46	35.64
413	217021427	14.15	11.26	4.00	580.10	60.46	33.00
414	217021428	14.21	9.11	3.31	867.91	103.62	37.79
415	217021429	14.00	10.72	3.76	649.34	71.48	29.72
416	217021430	14.31	9.83	3.27	700.78	82.82	25.63
417	217021431	13.68	7.81	3.10	1080.35	127.79	51.57
418	217021432	14.48	9.54	3.22	750.62	89.90	27.84
419	217021433	14.53	9.52	3.27	764.73	90.94	29.14
420	301011002	20.83	9.89	3.71	1219.93	176.68	35.58
421	301011006	20.88	9.54	3.66	1295.40	184.41	37.90
422	301021009	20.91	9.52	3.62	1324.07	181.05	40.23
423	301021012	20.66	9.60	3.67	1307.61	183.63	39.25
424	303031061	20.62	10.36	3.76	1136.86	168.91	30.89
425	306031160	23.82	9.20	2.88	3505.01	647.05	85.58
426	306031161	24.13	9.91	3.02	2667.41	528.22	56.39
427	306051166	21.35	10.44	2.93	1346.35	293.28	21.04
428	306051167	21.71	11.36	3.35	1019.90	220.80	16.24
429	306051170	22.35	10.58	2.98	1351.31	315.87	21.55
430	307011171	21.32	14.21	6.02	498.21	82.15	19.24
431	307011172	20.17	14.05	5.09	657.57	92.07	25.00
432	307011173	20.22	14.21	5.69	623.55	94.89	27.99
433	307011174	20.06	14.53	5.76	601.89	92.14	25.54
434	307011175	20.57	14.39	5.43	630.43	91.63	24.32
435	307011176	21.04	15.04	5.82	559.62	90.96	17.64
436	307011177	20.51	15.22	5.85	567.93	91.07	20.24
437	307011178	20.22	14.32	5.56	601.74	87.31	24.12
438	307021179	18.54	12.76	4.58	843.69	125.96	27.28
439	307021180	19.19	14.03	5.11	654.18	92.23	23.11
440	307021181	19.27	14.38	5.41	627.23	87.96	26.13
441	307021182	18.78	13.84	5.02	672.41	92.42	25.69
442	307021183	19.34	13.72	5.09	669.25	97.75	25.35
443	307031184	18.33	13.73	4.92	702.01	94.56	25.51
444	307031185	17.26	12.89	4.66	821.78	112.24	26.84
445	307031186	17.56	13.38	4.90	711.16	95.26	28.75
446	307031187	15.55	12.17	4.78	801.81	104.98	36.74
447	307031188	16.39	13.04	4.95	763.31	102.85	33.77
448	307031189	17.74	13.46	4.85	698.31	93.63	26.34
449	308011190	22.30	14.24	4.78	669.91	107.52	22.91
450	308011191	21.81	15.01	5.19	619.26	105.91	19.19
451	308021193	22.09	9.08	3.51	1061.14	185.80	31.43
452	308021194	21.38	14.25	4.85	672.69	102.60	22.25
453	308021195	21.58	14.69	4.76	639.55	97.22	21.25
454	308021200	21.42	10.85	3.96	867.50	148.01	26.98
455	308031206	22.92	10.74	3.98	822.79	137.49	23.43
456	308031209	23.22	10.39	3.98	861.14	137.01	20.06
457	308031220	22.82	12.03	4.24	727.89	120.24	23.06
458	309041241	19.24	10.35	3.70	1627.26	265.84	36.38
459	309041242	19.03	10.59	3.77	1383.83	214.20	32.39
460	309061248	20.43	10.66	3.76	1412.22	206.95	35.77
461	309071255	20.75	10.44	3.79	1233.66	174.48	34.54
462	310021277	18.97	13.04	4.44	979.37	146.32	25.55
463	310021278	20.28	12.38	4.25	934.18	144.61	26.32
464	310021280	19.97	13.35	4.43	876.39	132.22	24.04
465	310021281	20.54	13.02	4.32	858.44	133.34	21.96
466	310021282	20.30	13.44	4.44	853.35	127.81	20.67
467	310031290	20.79	12.50	4.17	932.54	143.35	23.02
468	310031294	20.40	12.68	4.25	911.12	138.35	21.58
469	311011305	19.02	12.16	4.16	1042.86	154.21	25.68
470	311031319	20.59	11.47	4.01	1042.58	157.44	26.96
471	312011338	23.05	12.67	4.23	696.79	123.11	12.97
472	312011339	23.43	14.99	4.93	544.23	106.31	8.30
473	312011341	23.21	13.85	4.45	551.79	97.42	9.11
474	312021351	22.69	10.29	3.82	1658.88	411.46	27.52
475	312021352	22.88	9.64	3.77	1589.03	363.34	26.88
476	312021353	23.20	9.97	3.71	1615.44	378.94	22.61
477	312021357	22.88	10.00	3.83	1520.77	351.13	22.52
478	313021365	20.93	10.46	3.80	1337.58	232.69	34.13
479	313031370	19.61	12.17	4.17	1027.51	160.64	32.15
480	313031371	19.81	10.79	3.91	1460.13	255.55	37.84
481	314011387	19.67	10.59	3.85	1253.09	206.04	34.62
482	315011396	26.96	10.03	2.01	1531.32	407.48	3.42
483	315011400	25.53	12.96	3.13	953.28	263.75	3.46
484	315021406	26.18	14.05	5.09	503.94	126.21	3.17
485	315021407	25.59	15.06	4.74	548.57	147.49	4.12
486	315031408	23.26	15.15	5.38	487.36	93.50	12.60
487	315031409	21.28	14.91	6.15	505.91	80.65	18.00
488	315031410	24.35	15.13	6.31	282.12	56.18	5.46
489	315031411	22.18	14.08	6.48	335.36	53.94	10.95
490	315031412	24.41	15.16	5.68	430.44	90.69	6.65
491	316041431	21.00	10.57	3.63	1667.20	276.72	43.11
492	316041433	21.13	10.75	3.65	1582.42	267.86	39.75
493	316061439	20.89	10.01	3.68	1582.44	274.06	38.15
494	316061440	19.47	10.91	3.90	1581.26	279.45	40.24
495	316061443	19.92	11.45	3.86	1497.45	257.03	38.75
496	317011445	17.97	13.21	4.74	762.21	106.33	26.74
497	317011449	18.20	12.81	4.64	797.94	114.82	28.24
498	317011450	18.24	12.62	4.56	843.71	122.71	28.48
499	317011451	18.90	13.33	4.59	846.08	123.36	25.66
500	317011456	17.84	11.89	4.35	862.81	125.89	28.66
501	317011458	18.20	13.06	4.71	766.56	109.31	27.39
502	318011461	24.63	11.13	3.45	919.47	223.69	13.39
503	318011462	24.27	12.61	3.84	649.03	166.90	8.72
504	318011463	23.74	13.07	4.08	638.64	157.35	7.47
505	318021489	24.39	10.15	3.37	938.29	228.94	11.55
506	319011498	21.81	10.18	3.61	1015.01	168.21	30.16
507	319011499	21.85	11.20	3.70	954.81	156.09	27.89
508	319021503	20.88	13.66	4.52	732.77	106.98	27.73
509	319021504	21.21	11.74	3.94	897.62	150.42	27.81
510	319021505	18.85	13.28	4.59	797.11	115.43	28.06
511	319021506	19.94	13.83	4.67	709.82	102.45	26.43
512	319021507	19.04	13.45	4.74	749.12	108.70	28.05
513	319021508	20.08	13.08	4.43	770.96	117.92	26.96
514	319021509	18.85	13.24	4.62	828.17	123.02	27.62
515	319031514	20.58	12.56	4.03	1212.58	205.45	33.96
516	319031515	20.13	13.28	4.33	905.09	138.26	31.76
517	319051522	21.87	9.82	3.53	1205.43	195.75	33.96
518	319051525	21.37	12.50	4.03	1019.50	162.73	30.44
519	401011001	17.25	9.62	4.11	495.41	66.49	20.65
520	401021003	14.83	10.80	4.26	683.79	98.69	24.78
521	401021004	14.49	9.91	4.02	837.88	127.33	30.32
522	401021005	14.47	10.53	4.04	786.98	118.55	27.91
523	401021006	14.18	10.37	4.07	790.97	114.26	28.53
524	401021007	14.54	10.88	4.07	739.36	107.51	26.32
525	401021008	14.80	11.15	4.08	646.31	91.73	25.04
526	401021009	14.54	10.98	4.08	710.30	100.83	25.84
527	401021010	14.65	9.75	4.06	805.74	118.88	29.56
528	401041015	16.91	9.87	4.20	533.92	73.09	21.93
529	401041016	16.46	9.84	4.16	584.88	81.40	23.35
530	401071023	17.25	9.60	4.10	496.05	66.54	20.68
531	402011025	16.95	11.61	4.59	418.88	51.31	16.88
532	402011026	16.63	11.57	4.59	453.41	57.74	18.28
533	402011027	17.27	11.30	4.54	390.46	47.45	16.85
534	402021032	17.16	11.31	4.57	408.20	49.44	17.35
535	402021033	15.91	10.99	4.44	560.95	77.29	21.66
536	402021035	17.27	11.01	4.53	407.70	50.05	17.85
537	402041046	17.25	10.75	4.51	434.40	54.43	18.83
538	402051049	16.01	10.57	4.36	576.70	79.45	22.41
539	402051054	15.68	10.37	4.29	626.94	88.33	23.52
540	403021059	16.85	9.72	3.99	492.42	70.38	20.60
541	403021061	17.09	9.66	4.04	483.67	66.00	20.55
542	403031067	15.80	9.51	4.01	687.03	100.40	26.59
543	403031068	17.04	9.51	4.06	528.09	73.69	21.62
544	403031069	16.69	9.45	4.04	579.07	82.83	23.14
545	403041072	16.27	9.80	3.79	524.52	81.71	19.74
546	403041075	15.27	10.07	4.01	715.95	107.64	27.22
547	403041077	16.21	9.53	4.00	624.22	92.28	24.36
548	403041078	15.94	9.91	3.97	619.45	93.94	23.93
549	403041083	15.99	10.00	3.91	584.37	89.34	22.81
550	403041084	16.17	9.78	3.97	593.59	89.52	23.43
551	403041087	16.45	9.81	3.85	510.75	78.55	19.71
552	403041088	15.93	10.01	3.86	582.69	89.64	22.27
553	403041089	15.95	9.72	3.99	634.75	95.61	24.66
554	404011093	17.30	9.85	4.20	463.74	62.19	19.77
555	404021103	17.37	10.50	4.40	416.88	53.09	18.35
556	405011110	14.27	12.07	4.47	595.64	81.05	24.63
557	405011111	16.12	12.06	4.64	459.68	58.20	18.75
558	405011112	15.85	11.69	4.56	523.82	72.24	20.15
559	405011113	17.22	11.62	4.53	378.71	46.13	15.81
560	405011114	15.48	12.24	4.61	481.65	62.52	20.25
561	405011115	15.44	12.22	4.61	493.55	64.91	20.22
562	405021116	15.12	13.26	4.97	561.38	75.85	23.51
563	405021117	15.49	12.48	4.75	494.34	62.97	20.58
564	405021118	15.68	13.52	4.93	369.19	43.71	18.44
565	405021119	17.40	12.81	4.64	350.81	45.63	14.30
566	405031120	15.87	13.93	5.21	445.64	55.81	18.80
567	405031121	16.71	13.64	5.39	383.59	45.51	18.24
568	405031122	18.77	12.07	4.67	346.17	38.24	16.08
569	405031123	17.74	12.76	4.77	388.45	47.79	15.76
570	405041124	17.39	12.19	4.51	339.78	45.96	14.05
571	405041125	17.46	11.73	4.40	344.15	46.85	14.86
572	405041126	17.68	12.02	4.49	321.53	42.20	14.14
573	405041127	17.10	11.18	4.21	376.47	53.50	15.28
574	405041128	16.74	9.59	3.63	408.58	65.82	13.70
575	406011129	17.60	12.75	3.88	266.11	39.94	8.69
576	406011130	16.16	9.95	3.33	470.12	78.54	14.35
577	406011131	17.31	12.76	4.46	314.23	39.64	15.25
578	406011132	17.36	13.23	4.27	339.18	53.91	13.09
579	406011133	16.23	8.94	3.07	501.65	80.55	14.29
580	406011134	17.71	11.78	3.78	306.69	48.41	10.15
581	406011135	19.55	15.07	4.94	199.41	25.49	9.27
582	406011136	18.28	11.75	4.51	273.17	29.08	16.83
583	406021138	20.47	16.18	6.09	256.88	45.37	9.83
584	406021139	21.10	14.43	5.96	201.93	32.73	10.06
585	406021140	17.87	13.65	5.23	275.12	30.72	15.85
586	406021141	21.12	14.89	6.16	189.35	34.78	7.22
587	406021142	19.39	12.35	5.05	266.64	30.04	16.49
588	407011144	15.92	9.95	3.41	496.58	70.43	21.32
589	407011145	15.19	7.84	2.98	597.38	98.68	16.41
590	407011146	15.57	11.01	3.86	546.99	74.52	23.03
591	407011147	15.44	10.65	3.79	578.57	82.72	23.85
592	407011148	15.59	9.13	3.30	599.77	90.58	21.71
593	407011149	15.16	8.98	3.48	672.35	106.32	24.20
594	407021150	14.40	9.29	3.11	722.32	105.82	19.09
595	407021151	15.36	11.25	3.50	533.18	79.70	15.09
596	407021152	14.63	9.85	3.33	705.71	107.18	16.66
597	407021153	14.35	9.73	3.23	716.99	102.09	20.08
598	407021154	14.90	12.80	3.99	521.17	71.01	16.18
599	407021155	14.87	12.04	3.82	572.85	81.42	16.38
600	407021156	14.44	11.67	3.77	639.25	88.60	17.61
601	407021157	15.38	13.05	4.13	458.97	60.21	15.65
602	407021158	14.55	9.81	3.29	704.30	105.83	17.01
603	407031159	17.74	14.09	4.81	268.38	32.94	12.26
604	407031161	16.25	14.19	4.57	361.51	42.20	16.75
605	407031162	17.18	14.53	4.87	275.49	34.99	12.54
606	407031163	16.99	14.58	4.92	286.04	35.20	13.39
607	407031164	16.15	13.19	4.42	350.56	41.83	18.03
608	407031165	16.44	12.51	4.09	336.06	38.15	18.26
609	407031166	16.37	12.62	4.10	344.74	39.32	18.29
610	407031167	18.06	13.83	5.00	252.50	32.07	11.70
611	407031168	17.88	13.76	5.01	265.09	33.03	12.41
612	407031169	16.14	11.85	3.75	410.09	52.43	16.86
613	407031170	17.05	13.85	4.71	298.55	35.13	15.60
614	501011001	16.80	9.34	3.22	940.49	180.58	13.41
615	501011002	17.37	10.73	3.60	781.50	156.38	10.35
616	501011003	16.83	11.15	3.73	803.81	157.48	12.02
617	501011004	17.23	8.45	2.96	965.72	187.33	13.03
618	501021007	17.13	11.85	4.04	758.07	145.60	11.77
619	501021009	16.37	13.21	4.78	754.02	133.77	10.76
620	501021010	16.82	12.30	4.33	830.80	155.00	13.29
621	501021013	17.36	11.28	3.93	747.23	145.09	11.08
622	501021014	17.09	11.95	4.39	854.20	160.50	10.85
623	501021016	17.31	11.59	4.37	880.38	170.91	10.17
624	501031017	15.61	12.30	4.27	656.09	112.30	14.15
625	501031018	15.70	12.88	4.48	793.88	144.15	13.19
626	501031019	15.70	11.00	3.77	834.45	143.38	16.28
627	501031020	16.10	10.24	3.43	957.39	167.88	16.82
628	502011021	18.47	9.99	3.80	785.23	151.97	6.62
629	502011029	18.32	11.16	4.22	816.18	159.45	7.97
630	503011036	19.01	9.92	3.96	697.88	142.76	6.92
631	503021043	18.98	10.40	4.11	720.50	147.13	7.20
632	504021049	17.60	12.64	5.04	690.41	136.68	8.86
633	504021050	18.30	12.06	4.72	789.87	158.88	9.85
634	504021051	18.48	12.05	4.66	777.71	156.63	9.64
635	504031057	19.06	12.32	4.54	691.12	138.86	7.71
636	504031058	18.67	12.61	4.74	672.54	133.13	8.33
637	504031059	18.99	12.60	4.62	674.54	133.36	7.96
638	504031060	18.00	12.46	4.89	719.02	143.86	9.43
639	504031066	19.07	12.51	4.59	709.50	143.64	8.21
640	504031068	18.91	12.97	4.75	670.66	132.18	8.32
641	505021096	19.02	10.31	4.06	708.76	144.56	6.87
642	505031107	18.97	11.37	4.30	684.26	138.31	7.69
643	505031109	19.01	11.35	4.26	651.35	131.31	7.39
644	506011114	18.20	11.56	4.59	848.70	173.17	10.29
645	506011116	17.46	11.46	4.73	923.03	186.77	11.60
646	506041136	18.08	11.48	4.61	860.89	174.42	10.33
647	506051141	17.73	11.70	4.76	873.65	177.14	10.47
648	506061143	18.41	11.54	4.48	805.66	165.28	9.92
649	506061144	17.46	11.87	4.72	893.16	181.89	12.06
650	507011148	18.73	11.01	4.29	756.31	157.46	8.52
651	507031172	18.70	10.59	4.13	739.04	152.77	7.64
652	507051185	18.74	10.81	4.15	754.47	151.85	8.25
653	508011194	17.40	9.81	3.25	594.33	92.32	20.77
654	508011195	17.30	12.31	4.00	396.88	46.96	20.05
655	508021196	23.59	10.11	4.19	241.75	46.69	2.76
656	508021197	24.27	13.65	5.63	225.73	39.84	3.74
657	508031202	18.44	13.40	4.47	264.45	32.57	12.45
658	508041206	28.00	14.41	3.77	719.23	217.57	1.20
659	508041207	27.25	14.84	5.10	407.06	103.72	1.33
660	508041209	27.44	13.55	3.85	553.37	171.75	1.51
661	508051210	20.55	11.92	3.90	411.98	92.72	4.18
662	508051211	20.47	12.11	4.03	417.26	92.42	4.26
663	508051212	20.33	12.66	4.28	410.89	91.64	4.05
664	508051213	20.52	11.96	3.94	421.20	93.68	4.28
665	508051214	20.73	13.23	4.66	427.61	90.99	5.36
666	508051215	23.02	14.77	6.53	235.33	39.26	5.07
667	508051216	20.73	14.57	6.00	326.38	53.46	10.41
668	508051217	21.22	14.45	5.49	289.58	54.68	6.42
669	509011225	16.45	7.37	2.70	811.25	126.39	21.10
670	509011226	16.16	9.09	3.07	717.89	105.01	22.53
671	509011227	16.44	7.80	2.79	771.48	117.64	21.45
672	509011228	16.08	9.67	3.18	957.97	159.47	22.91
673	509011229	16.45	12.16	4.05	410.49	54.55	16.99
674	509011230	16.33	12.81	4.62	397.39	60.27	11.81
675	509011231	15.97	12.05	4.27	467.21	70.44	13.61
676	509011232	16.23	7.34	2.71	853.67	134.25	21.26
677	509011233	16.17	8.22	2.92	780.36	118.62	21.59
678	509011234	15.83	10.41	3.58	634.91	93.24	20.32
679	509021236	18.49	12.92	5.01	543.90	105.67	8.35
680	509021237	18.37	14.11	5.54	333.80	51.98	12.80
681	509021238	19.02	13.81	5.67	320.76	48.14	12.61
682	509021239	19.22	12.05	4.31	548.52	110.90	6.80
683	509021240	18.17	14.28	5.59	321.07	45.37	13.68
684	509021241	19.63	14.05	5.72	333.76	53.90	10.40
685	509021242	19.07	14.22	5.97	292.92	37.68	12.46
686	509021243	18.09	13.93	5.43	456.10	82.78	7.97
687	509021244	18.08	13.22	5.21	523.23	98.03	8.16
688	509021245	17.68	14.22	5.43	459.64	83.68	9.51
689	509031246	17.13	13.78	5.29	431.96	77.29	10.56
690	509031247	17.09	13.58	4.77	334.75	44.32	15.38
691	509031248	16.67	12.79	4.88	786.15	149.48	11.32
692	509031249	16.46	12.97	4.97	432.38	76.66	10.09
693	509031250	16.24	13.12	4.93	479.23	80.11	9.56
694	601011001	11.52	10.11	3.57	646.35	64.47	38.24
695	601011002	12.26	10.11	3.52	568.15	58.95	34.74
696	601011003	12.49	9.94	3.47	578.79	59.76	35.63
697	601021005	12.67	9.39	3.27	580.42	61.42	35.90
698	601021010	12.37	9.51	3.34	600.38	63.21	36.99
699	601021012	13.02	8.91	3.03	616.27	62.00	39.26
700	601031013	12.57	10.33	3.57	563.59	56.06	34.23
701	601031020	11.05	10.18	3.57	723.75	71.80	41.55
702	601041022	11.58	9.15	3.19	819.69	82.76	48.72
703	601041023	12.75	9.18	3.10	675.82	67.04	39.90
704	601041024	11.11	9.01	3.11	950.94	97.99	54.03
705	601061034	12.37	8.93	3.01	735.56	72.90	45.93
706	601061035	12.35	9.61	3.30	610.25	63.82	38.13
707	602011038	12.84	10.80	3.85	705.69	83.58	34.57
708	602011041	12.81	10.61	3.79	762.46	95.08	34.79
709	602011044	12.31	10.75	3.84	767.05	91.70	36.97
710	602011046	12.45	10.72	3.82	783.55	96.97	36.18
711	602011050	12.26	10.77	3.84	763.45	89.83	36.60
712	602011052	12.64	10.92	3.86	691.19	79.25	34.68
713	602021053	12.77	8.85	3.36	861.78	116.40	34.00
714	602021054	8.12	8.78	3.51	1731.38	237.56	73.13
715	602021055	12.18	10.04	3.64	906.30	117.93	36.45
716	602021056	12.05	11.15	3.89	784.92	95.98	36.68
717	602021057	10.56	11.07	3.86	950.50	126.20	39.63
718	602031058	11.09	10.09	3.76	1028.27	131.12	43.79
719	602031059	13.26	8.77	3.33	853.50	114.63	32.76
720	602031060	12.21	11.36	3.93	692.40	79.38	34.55
721	602031061	9.91	10.64	3.84	831.29	88.36	41.23
722	602031062	12.19	11.29	3.93	658.00	72.62	33.67
723	602031063	13.48	8.30	3.11	899.21	102.92	38.39
724	602031064	11.12	10.01	3.49	1013.80	104.10	53.46
725	603011065	9.24	10.17	3.70	864.43	96.09	40.47
726	603011066	9.11	9.22	3.48	1214.84	135.93	56.80
727	603011067	10.54	10.64	3.70	587.68	59.66	34.07
728	603011068	10.24	8.08	2.91	1813.85	208.26	82.53
729	603021069	11.70	8.14	2.80	950.97	98.61	53.84
730	603021070	11.43	9.46	3.10	958.39	102.08	51.59
731	603021071	11.20	9.14	2.99	1147.54	123.83	59.33
732	603021072	10.37	9.70	3.40	1068.51	113.98	53.22
733	603031073	12.59	8.12	2.71	843.90	85.99	48.81
734	603031074	11.95	10.07	3.20	705.76	73.86	42.32
735	604011076	10.41	7.97	3.12	1531.13	212.80	61.63
736	604011077	13.16	7.93	2.99	983.35	127.03	38.45
737	604011079	12.32	8.06	3.08	1072.10	139.44	43.64
738	604011081	12.63	8.09	3.06	1081.03	143.55	42.36
739	604011082	12.70	8.52	3.16	968.12	128.48	40.43
740	604011083	12.98	8.38	3.11	958.16	125.64	39.21
741	604011084	12.82	8.28	3.09	1046.58	134.97	40.17
742	604021086	12.85	8.93	3.28	869.84	115.23	36.52
743	604021087	12.58	9.44	3.40	873.82	116.58	37.88
744	604021088	12.91	8.95	3.28	898.81	118.02	36.91
745	604021089	12.62	9.09	3.36	858.95	114.93	35.85
746	604021090	12.86	9.14	3.32	888.34	118.25	37.22
747	604021091	9.34	8.40	3.32	1688.57	226.09	74.74
748	604021092	12.80	8.79	3.23	926.66	122.56	38.68
749	604031093	13.93	6.03	2.50	887.66	109.95	33.93
750	604031094	12.36	7.37	2.75	1400.21	173.92	59.64
751	604031095	13.07	8.12	2.90	1059.75	135.27	45.05
752	604031096	10.06	7.75	3.10	1879.53	241.43	77.43
753	604031097	10.11	8.39	3.06	2482.16	296.06	113.87
754	701021012	28.36	9.54	1.62	1744.80	445.31	1.86
755	701031033	28.07	10.05	1.80	1701.53	399.12	1.33
756	702031057	28.15	11.55	2.11	1482.26	336.27	1.30
757	801011012	13.86	12.43	5.43	697.18	77.53	43.82
758	801021027	13.19	12.65	5.33	804.72	85.73	48.74
759	801021028	14.21	12.67	5.43	669.82	75.96	41.18
760	801021029	10.05	12.58	5.15	897.91	96.08	56.82
761	801031030	13.82	13.25	5.46	636.38	75.78	36.88
762	801031032	12.98	13.04	5.35	688.18	80.97	40.87
763	801031033	13.75	13.21	5.48	638.18	76.89	37.78
764	801051054	13.97	12.97	5.50	639.54	75.73	38.33
765	801051061	13.97	12.97	5.50	639.54	75.73	38.33
766	801071089	13.04	13.19	5.32	694.45	78.12	38.34
